1.0000000
0.8041841
0.6684747
0.5716923
0.5005505
0.4449098
0.4008691
0.3655328
0.3362147
0.3115475
0.2908808
0.2731638
0.2584078
0.2457282
0.2345028
0.2249206
0.2165789
0.2088486
0.2011157
0.1940386
0.1884502
0.1828137
0.1783116
0.1725146
0.1665903
0.1610134
0.1559649
0.1516206
0.1484516
0.1455406
0.1423203
0.1387088
0.1349931
0.1313541
0.1285456
0.1250244
0.1212695
0.1189223
0.1167136
0.1154450
0.1138285
0.1123215
0.1102733
0.1065791
0.1049076
0.1032777
0.1021292
0.1008261
0.0984578
0.0957544
0.0928758
0.0907039
0.0877095
0.0848588
0.0834279
0.0817960
0.0807328
0.0804667
0.0802955
0.0807462
0.0800217
0.0796644
0.0791747
0.0783549
0.0770035
0.0756395
0.0745306
0.0733012
0.0714119
0.0699670
0.0693681
0.0695066
0.0681747
0.0669943
0.0658012
0.0652097
0.0641981
0.0635753
0.0634213
0.0627868
0.0615087
0.0602435
0.0589904
0.0582754
0.0572789
0.0557674
0.0549493
0.0538633
0.0529253
0.0514232
0.0498475
0.0484014
0.0468409
0.0465362
0.0466931
0.0466117
0.0461603
0.0454893
0.0448657
0.0445815
0.0442454
0.0431117
0.0429125
0.0428599
0.0420045
0.0413017
0.0408444
0.0402786
0.0393790
0.0389555
0.0384775
0.0380005
0.0378883
0.0382606
0.0375994
0.0364144
0.0361219
0.0366925
0.0362181
0.0361860
0.0358553
0.0356131
0.0343984
0.0336192
0.0324552
0.0312222
0.0299918
0.0292469
0.0290074
0.0282395
0.0281202
0.0286848
0.0287986
0.0280475
0.0275509
0.0271851
0.0275245
0.0275198
0.0271130
0.0258309
0.0254685
0.0249806
0.0249396
0.0249361
0.0250440
0.0250790
0.0253012
0.0244966
0.0241170
0.0232395
0.0230154
0.0224274
0.0215760
0.0203916
0.0200462
0.0195544
0.0193945
0.0191224
0.0184130
0.0180288
0.0176372
0.0184041
0.0189714
0.0190781
0.0194785
0.0197045
0.0194998
0.0189933
0.0181687
0.0176370
0.0171362
0.0169472
0.0171863
0.0172216
0.0165400
0.0162800
0.0162771
0.0173107
0.0180436
0.0186866
0.0194637
0.0197397
0.0186065
0.0179856
0.0166342
0.0150683
0.0145557
0.0142435
0.0150475
0.0153789
0.0154053
0.0150702
0.0144938
0.0143737
0.0145678
0.0143135
0.0133076
0.0124074
0.0125433
0.0127760
0.0128811
0.0125697
0.0118332
0.0108231
0.0113028
0.0119078
0.0128281
0.0132061
0.0129664
0.0138234
0.0141650
0.0150855
0.0156828
0.0157823
0.0156923
0.0155655
0.0146712
0.0142217
0.0137271
0.0136421
0.0134949
0.0142583
0.0141294
0.0133114
0.0119156
0.0109461
0.0103727
0.0095650
0.0092659
0.0085703
0.0088837
0.0092305
0.0091107
0.0096281
0.0091678
0.0086006
0.0088261
0.0089318
0.0084823
0.0078644
0.0075704
0.0070710
0.0069412
0.0065716
0.0058603
0.0055936
0.0045105
0.0041517
0.0038911
0.0038643
0.0042193
0.0049174
0.0060925
0.0067449
0.0067553
0.0068164
0.0070575
0.0071699
0.0065745
0.0058221
0.0055379
0.0050270
0.0049236
0.0051730
0.0043805
0.0036955
0.0034854
0.0031945
0.0027943
0.0026952
0.0023457
0.0021588
0.0021617
0.0021972
0.0027378
0.0027581
0.0025563
0.0022776
0.0026038
0.0028951
0.0026482
0.0029452
0.0033403
0.0029019
0.0016807
0.0013250
0.0016469
0.0018952
0.0008558
0.0011118
0.0014134
0.0014122
0.0023278
0.0023757
0.0024781
0.0029927
0.0037486
0.0040956
0.0048492
0.0057551
0.0065033
0.0068645
0.0066051
0.0069746
0.0070444
0.0066924
0.0050400
0.0035252
0.0018325
0.0010420
-0.0003768
-0.0020706
-0.0023332
-0.0022500
-0.0017312
-0.0015873
-0.0019791
-0.0025401
-0.0029336
-0.0031814
-0.0028444
-0.0017149
-0.0010855
0.0005452
0.0024132
0.0031205
0.0036473
0.0043381
0.0039411
0.0033501
0.0032657
0.0029080
0.0028620
0.0041981
0.0042248
0.0036243
0.0030092
0.0027439
0.0015927
0.0009949
0.0014833
0.0019901
0.0027773
0.0030266
0.0027776
0.0027388
0.0034632
0.0037642
0.0043553
0.0049827
0.0052647
0.0061548
0.0065863
0.0066656
0.0068228
0.0067790
0.0062052
0.0059635
0.0057971
0.0050083
0.0049678
0.0047125
0.0039587
0.0037407
0.0034948
0.0032386
0.0025977
0.0017250
0.0010417
0.0003422
-0.0000194
-0.0002617
0.0004235
0.0014478
0.0015208
0.0017901
0.0017018
0.0020364
0.0027681
0.0032945
0.0038529
0.0040001
0.0040246
0.0036395
0.0027649
0.0019380
0.0012330
0.0009249
0.0007195
0.0005021
0.0007598
0.0009239
0.0014959
0.0014215
0.0014644
0.0009517
0.0006639
0.0008040
0.0020398
0.0030176
0.0035200
0.0041655
0.0045217
0.0038787
0.0035635
0.0044637
0.0041001
0.0045560
0.0053467
0.0059687
0.0056366
0.0058004
0.0052465
0.0047807
0.0043999
0.0039766
0.0043235
0.0038279
0.0031372
0.0028644
0.0040849
0.0049480
0.0056150
0.0063003
0.0066084
0.0064257
0.0068656
0.0065130
0.0060349
0.0055099
0.0051917
0.0054039
0.0055372
0.0057642
0.0058989
0.0056468
0.0047830
0.0047361
0.0041543
0.0042393
0.0049425
0.0052646
0.0057797
0.0062393
0.0061915
0.0060243
0.0063053
0.0066753
0.0068313
0.0078183
0.0081294
0.0076945
0.0076366
0.0081108
0.0078191
0.0079498
0.0080013
0.0082068
0.0087381
0.0078421
0.0057829
0.0045450
0.0046779
0.0041904
0.0040949
0.0026796
0.0015687
0.0011940
0.0009282
0.0007915
-0.0000953
-0.0009021
-0.0005435
0.0001388
0.0002181
-0.0001145
-0.0001868
-0.0000237
-0.0000450
-0.0009308
-0.0007835
-0.0012812
-0.0011645
-0.0007561
-0.0003598
-0.0000311
0.0007227
0.0001257
-0.0001723
-0.0001764
0.0001775
-0.0013031
-0.0016597
-0.0014410
-0.0019993
-0.0024705
-0.0027106
-0.0033696
-0.0041449
-0.0046255
-0.0051004
-0.0051346
-0.0051823
-0.0054218
-0.0055578
-0.0069587
-0.0068642
-0.0070498
-0.0068130
-0.0062759
-0.0055046
-0.0040118
-0.0032730
-0.0036895
-0.0047124
-0.0061550
-0.0070845
-0.0072478
-0.0078247
-0.0078977
-0.0076489
-0.0069243
-0.0068644
-0.0073685
-0.0068422
-0.0072689
-0.0074175
-0.0065845
-0.0065694
-0.0068876
-0.0064321
-0.0057308
-0.0053294
-0.0048936
-0.0038852
-0.0033710
-0.0024978
-0.0026540
-0.0029070
-0.0026900
-0.0030177
-0.0022198
-0.0011259
-0.0007351
-0.0012618
-0.0020892
-0.0021707
-0.0033771
-0.0029832
-0.0027240
-0.0022097
-0.0025156
-0.0021938
-0.0022556
-0.0027938
-0.0028563
-0.0020634
-0.0022262
-0.0016160
-0.0017958
-0.0021887
-0.0028587
-0.0035092
-0.0035581
-0.0030105
-0.0022973
-0.0020555
-0.0018611
-0.0017193
-0.0013826
-0.0009805
-0.0012716
-0.0020538
-0.0020323
-0.0019028
-0.0018131
-0.0028256
-0.0036317
-0.0041236
-0.0044122
-0.0050042
-0.0049719
-0.0043739
-0.0035841
-0.0029922
-0.0022083
-0.0023018
-0.0014936
-0.0007095
-0.0001206
0.0008183
0.0010622
0.0009877
0.0012378
0.0015373
0.0010757
-0.0000867
-0.0005018
0.0003117
0.0012840
0.0017504
0.0018523
0.0020332
0.0022531
0.0026874
0.0020257
0.0022211
0.0015967
0.0008517
-0.0003232
-0.0005923
0.0002209
0.0005047
0.0010963
0.0021319
0.0026762
0.0030889
0.0034008
0.0028939
0.0030441
0.0026198
0.0026813
0.0021603
0.0014507
0.0003189
0.0001079
-0.0001005
0.0008515
0.0011270
0.0015848
0.0017569
0.0013870
0.0012046
0.0017098
0.0017359
0.0014266
0.0007516
-0.0004516
-0.0013079
-0.0017581
-0.0030766
-0.0041386
-0.0041909
-0.0046924
-0.0040644
-0.0037498
-0.0036408
-0.0032034
-0.0028434
-0.0021179
-0.0020605
-0.0015861
-0.0010273
-0.0003484
-0.0001292
0.0002317
0.0014911
0.0022861
0.0031220
0.0038376
0.0039414
0.0033199
0.0040509
0.0043611
0.0050250
0.0053985
0.0051183
0.0036382
0.0027639
0.0018375
0.0008894
-0.0002293
-0.0007756
-0.0008248
-0.0006502
-0.0004088
-0.0015269
-0.0005263
0.0002244
0.0021574
0.0029859
0.0028900
0.0025747
0.0009371
-0.0001581
-0.0006381
-0.0002059
-0.0003943
-0.0008496
-0.0014773
-0.0013187
-0.0019036
-0.0011743
-0.0010948
-0.0009943
-0.0011785
-0.0008458
-0.0008797
-0.0007397
-0.0015051
-0.0018013
-0.0019813
-0.0017146
-0.0010840
-0.0013630
-0.0015528
-0.0009924
-0.0011879
-0.0009048
-0.0004172
-0.0000529
0.0011957
0.0026913
0.0040390
0.0045115
0.0044868
0.0043551
0.0034776
0.0033332
0.0028179
0.0029784
0.0026939
0.0016581
0.0010160
0.0004757
-0.0008899
-0.0012334
-0.0006085
0.0001993
0.0001839
0.0007656
0.0010910
0.0006999
0.0008748
0.0005207
0.0001569
0.0001633
-0.0003596
-0.0007475
-0.0009669
-0.0005161
0.0007728
0.0020892
0.0023599
0.0026003
0.0026867
0.0028150
0.0030824
0.0042917
0.0056346
0.0061633
0.0073081
0.0080539
0.0072796
0.0066528
0.0072831
0.0074972
0.0067728
0.0059748
0.0059649
0.0054114
0.0045221
0.0043099
0.0039875
0.0042484
0.0039611
0.0041833
0.0037671
0.0038448
0.0028101
0.0023538
0.0014303
0.0006449
-0.0005336
-0.0013848
-0.0020598
-0.0021327
-0.0024039
-0.0023307
-0.0019050
-0.0021427
-0.0023012
-0.0022895
-0.0024027
-0.0028764
-0.0031039
-0.0032850
-0.0038295
-0.0042082
-0.0046533
-0.0042589
-0.0039397
-0.0035539
-0.0031372
-0.0032616
-0.0029356
-0.0026967
-0.0023244
-0.0019732
-0.0009360
-0.0009065
-0.0011882
-0.0015831
-0.0010766
-0.0020185
-0.0022439
-0.0018665
-0.0016896
-0.0017627
-0.0017932
-0.0022014
-0.0033154
-0.0035880
-0.0032513
-0.0034745
-0.0033337
-0.0026851
-0.0019952
-0.0016202
-0.0016657
-0.0016819
-0.0020457
-0.0018874
-0.0018044
-0.0022187
-0.0022682
-0.0011042
0.0004459
0.0006111
-0.0001084
-0.0002660
-0.0014930
-0.0017490
-0.0019275
-0.0017913
-0.0019783
-0.0033381
-0.0039173
-0.0034455
-0.0031799
-0.0035526
-0.0037658
-0.0041895
-0.0050130
-0.0052746
-0.0045113
-0.0035395
-0.0028466
-0.0025422
-0.0022950
-0.0015748
-0.0015458
-0.0016586
-0.0010788
-0.0005114
-0.0002674
0.0004573
0.0002133
0.0007905
0.0007373
-0.0002729
-0.0007650
-0.0012070
-0.0010516
-0.0009359
-0.0000830
-0.0000155
0.0005391
0.0000052
-0.0001020
0.0002908
0.0002815
-0.0002640
-0.0012155
-0.0020164
-0.0037585
-0.0041578
-0.0048994
-0.0050869
-0.0048410
-0.0050490
-0.0056453
-0.0057233
-0.0051984
-0.0052957
-0.0048483
-0.0031623
-0.0029614
-0.0027319
-0.0028673
-0.0027955
-0.0026008
-0.0026815
-0.0034243
-0.0039027
-0.0049828
-0.0056252
-0.0057071
-0.0058736
-0.0058086
-0.0049110
-0.0047993
-0.0047808
-0.0042152
-0.0038248
-0.0035127
-0.0033825
-0.0031628
-0.0017302
-0.0004762
-0.0001574
0.0001974
0.0005839
0.0005704
0.0012777
0.0016564
0.0013324
0.0005612
-0.0003611
-0.0003171
-0.0004698
-0.0004504
-0.0010203
-0.0012433
-0.0020713
-0.0035103
-0.0037246
-0.0034023
-0.0025628
-0.0022577
-0.0020283
-0.0016763
-0.0020368
-0.0009824
-0.0004877
0.0001892
-0.0001036
0.0000198
-0.0000025
0.0002287
0.0001658
-0.0003337
-0.0000750
0.0009468
0.0013413
0.0017032
0.0020935
0.0015823
0.0021770
0.0021208
0.0016594
0.0014526
0.0014157
0.0023942
0.0029693
0.0031378
0.0035090
0.0045105
0.0061407
0.0066051
0.0068668
0.0061651
0.0052504
0.0048178
0.0038639
0.0036575
0.0039752
0.0034846
0.0025872
0.0016698
0.0011383
0.0006280
0.0011659
0.0017690
0.0016034
0.0011300
0.0004133
0.0002088
-0.0005831
-0.0012680
-0.0018269
-0.0019414
-0.0016788
-0.0013728
-0.0008547
-0.0006896
-0.0014735
-0.0025342
-0.0037538
-0.0043422
-0.0045387
-0.0046023
-0.0037292
-0.0031098
-0.0034925
-0.0036698
-0.0042981
-0.0046178
-0.0038324
-0.0032117
-0.0024950
-0.0023384
-0.0029681
-0.0037595
-0.0038324
-0.0038888
-0.0034453
-0.0031291
-0.0023341
-0.0012659
-0.0010334
-0.0014673
-0.0015041
-0.0019750
-0.0020163
-0.0011954
0.0001802
0.0006286
0.0005413
-0.0006382
-0.0012471
-0.0007069
-0.0007418
-0.0012765
-0.0011562
-0.0015911
-0.0018692
-0.0018559
-0.0019268
-0.0014273
-0.0008874
-0.0000960
0.0006749
0.0012465
0.0014975
0.0018090
0.0018875
0.0022273
0.0021606
0.0019632
0.0027980
0.0032005
0.0032640
0.0036505
0.0031029
0.0025464
0.0019089
0.0017015
0.0016027
0.0013509
0.0013604
0.0013611
0.0010359
0.0018296
0.0022644
0.0024175
0.0021747
0.0021502
0.0019475
0.0020404
0.0022075
0.0030614
0.0048092
0.0061170
0.0069418
0.0068751
0.0069210
0.0077157
0.0084035
0.0092112
0.0099119
0.0094250
0.0090222
0.0092201
0.0098045
0.0099290
0.0096663
0.0102008
0.0108555
0.0115868
0.0118557
0.0121720
0.0123567
0.0123214
0.0121377
0.0121177
0.0120898
0.0123235
0.0115932
0.0118340
0.0116641
0.0119434
0.0121335
0.0116255
0.0107558
0.0106266
0.0100496
0.0091366
0.0086580
0.0081965
0.0075094
0.0063630
0.0053846
0.0057672
0.0057904
0.0051834
0.0047474
0.0037548
0.0041993
0.0042580
0.0048464
0.0047884
0.0045024
0.0043642
0.0050278
0.0050822
0.0054336
0.0063201
0.0058944
0.0060364
0.0061513
0.0069089
0.0077191
0.0077690
0.0079256
0.0079884
0.0070608
0.0068335
0.0059013
0.0048589
0.0045724
0.0051959
0.0060678
0.0055497
0.0044122
0.0039109
0.0043704
0.0052003
0.0060174
0.0071292
0.0072204
0.0064108
0.0060557
0.0055655
0.0051368
0.0045725
0.0035860
0.0023509
0.0020410
0.0019119
0.0012072
0.0013018
0.0013282
0.0024656
0.0035950
0.0039259
0.0033528
0.0033723
0.0031654
0.0029319
0.0036828
0.0036986
0.0031857
0.0026381
0.0023108
0.0018999
0.0020276
0.0019940
0.0016777
0.0021670
0.0020247
0.0015088
0.0009781
0.0005348
0.0009994
0.0010217
0.0007887
0.0006785
0.0004235
-0.0000684
-0.0002226
-0.0004751
-0.0008012
-0.0002221
-0.0000188
0.0008525
0.0020438
0.0028997
0.0039529
0.0042316
0.0043371
0.0050469
0.0048339
0.0045846
0.0040302
0.0041963
0.0034664
0.0027127
0.0022335
0.0021971
0.0031891
0.0034740
0.0039831
0.0038170
0.0030294
0.0027598
0.0030881
0.0037752
0.0039751
0.0044919
0.0048340
0.0046539
0.0046731
0.0045992
0.0047050
0.0046415
0.0052138
0.0047466
0.0036833
0.0018900
0.0013739
0.0005511
0.0005892
0.0001996
0.0002341
-0.0001862
-0.0003426
-0.0001873
-0.0002502
-0.0002422
-0.0001492
-0.0005779
-0.0006967
-0.0002506
0.0004727
0.0002454
0.0004733
0.0001928
0.0000578
-0.0005083
-0.0008525
-0.0008203
-0.0003092
-0.0001362
-0.0008467
-0.0021785
-0.0034568
-0.0040807
-0.0043294
-0.0040623
-0.0038068
-0.0031555
-0.0022953
-0.0020179
-0.0019499
-0.0017792
-0.0010230
0.0003075
-0.0000019
-0.0004603
-0.0011082
-0.0021423
-0.0026675
-0.0025067
-0.0033319
-0.0036195
-0.0034867
-0.0034179
-0.0038584
-0.0039164
-0.0039399
-0.0035434
-0.0032814
-0.0034165
-0.0040230
-0.0049295
-0.0055280
-0.0057678
-0.0061879
-0.0055308
-0.0046789
-0.0036140
-0.0030650
-0.0018154
-0.0017322
-0.0021599
-0.0019796
-0.0019968
-0.0030143
-0.0027401
-0.0028482
-0.0036779
-0.0041651
-0.0042237
-0.0045543
-0.0045469
-0.0041152
-0.0033704
-0.0026930
-0.0030274
-0.0029012
-0.0025549
-0.0024277
-0.0018600
-0.0018614
-0.0019829
-0.0029249
-0.0035528
-0.0040757
-0.0040825
-0.0044631
-0.0048119
-0.0051621
-0.0057483
-0.0054121
-0.0049981
-0.0054341
-0.0060258
-0.0065724
-0.0075829
-0.0086027
-0.0093082
-0.0089951
-0.0079197
-0.0070447
-0.0054775
-0.0047428
-0.0039671
-0.0031479
-0.0026943
-0.0023168
-0.0029286
-0.0029981
-0.0031474
-0.0036261
-0.0037748
-0.0039557
-0.0042814
-0.0041953
-0.0048392
-0.0049873
-0.0053119
-0.0061001
-0.0062626
-0.0060903
-0.0064064
-0.0062267
-0.0061954
-0.0059271
-0.0052114
-0.0051278
-0.0048694
-0.0045218
-0.0042095
-0.0037239
-0.0029450
-0.0024397
-0.0026392
-0.0028404
-0.0034978
-0.0037592
-0.0039157
-0.0044792
-0.0037802
-0.0037411
-0.0036326
-0.0037945
-0.0038344
-0.0029023
-0.0022318
-0.0018412
-0.0019928
-0.0024151
-0.0028182
-0.0027009
-0.0034244
-0.0040913
-0.0047307
-0.0047633
-0.0047865
-0.0047904
-0.0051478
-0.0057389
-0.0060831
-0.0062921
-0.0060628
-0.0061528
-0.0069754
-0.0069069
-0.0074882
-0.0073373
-0.0071133
-0.0070919
-0.0065816
-0.0066625
-0.0067125
-0.0067001
-0.0067990
-0.0066918
-0.0065033
-0.0054925
-0.0048830
-0.0043035
-0.0037821
-0.0030467
-0.0020557
-0.0022735
-0.0020928
-0.0014020
-0.0014058
-0.0007501
-0.0008866
-0.0011812
-0.0013539
-0.0015052
-0.0016474
-0.0020780
-0.0023598
-0.0034073
-0.0037942
-0.0046275
-0.0052656
-0.0060300
-0.0057348
-0.0054522
-0.0054131
-0.0063506
-0.0061374
-0.0067177
-0.0070142
-0.0070983
-0.0068884
-0.0064976
-0.0061230
-0.0062814
-0.0061602
-0.0050553
-0.0045138
-0.0034645
-0.0036424
-0.0038719
-0.0044505
-0.0054595
-0.0057033
-0.0053644
-0.0060354
-0.0062486
-0.0061883
-0.0058804
-0.0062473
-0.0057479
-0.0045987
-0.0044858
-0.0040367
-0.0032000
-0.0026454
-0.0029951
-0.0024844
-0.0018872
-0.0013637
-0.0013869
-0.0011651
-0.0008624
-0.0003182
-0.0004679
-0.0011914
-0.0018737
-0.0022786
-0.0017186
-0.0010043
-0.0012886
-0.0009973
-0.0012079
-0.0008806
-0.0008234
-0.0014598
-0.0015819
-0.0023740
-0.0027306
-0.0028209
-0.0029348
-0.0023792
-0.0019239
-0.0020042
-0.0012831
-0.0011477
-0.0009534
-0.0008024
-0.0011076
-0.0015178
-0.0009579
-0.0007524
-0.0015672
-0.0023197
-0.0012292
-0.0002424
0.0003704
0.0010191
0.0015293
0.0012420
0.0000790
-0.0005487
-0.0010470
-0.0015371
-0.0013907
-0.0016190
-0.0020437
-0.0020102
-0.0017400
-0.0017360
-0.0012592
-0.0008766
-0.0012867
-0.0015804
-0.0019563
-0.0015988
-0.0017671
-0.0013517
-0.0018285
-0.0019243
-0.0015170
-0.0013117
-0.0015968
-0.0016384
-0.0020296
-0.0023830
-0.0023135
-0.0017263
-0.0011340
-0.0015750
-0.0014368
-0.0017688
-0.0008844
-0.0004873
-0.0003534
-0.0004872
-0.0006019
-0.0005210
0.0001139
0.0008975
0.0013817
0.0017752
0.0021893
0.0025702
0.0021302
0.0024161
0.0032813
0.0036564
0.0038326
0.0044217
0.0034804
0.0029782
0.0022643
0.0012906
0.0004944
0.0012719
0.0015227
0.0014977
0.0006982
0.0003302
-0.0000520
0.0004313
0.0007231
0.0018942
0.0025718
0.0030715
0.0036774
0.0036590
0.0042039
0.0042723
0.0036393
0.0034449
0.0039646
0.0038331
0.0039624
0.0048902
0.0053519
0.0054351
0.0063309
0.0070536
0.0073638
0.0068818
0.0063805
0.0059376
0.0045812
0.0031050
0.0025305
0.0016435
0.0014543
0.0010299
0.0010837
0.0009057
0.0005051
0.0005536
0.0005865
0.0016522
0.0021679
0.0021882
0.0021879
0.0029044
0.0030983
0.0039918
0.0045003
0.0052521
0.0044353
0.0048958
0.0042353
0.0036713
0.0031558
0.0025777
0.0028124
0.0035493
0.0035531
0.0031829
0.0038713
0.0040033
0.0034488
0.0033833
0.0030995
0.0039783
0.0044847
0.0036034
0.0032451
0.0038397
0.0040133
0.0051760
0.0056166
0.0056630
0.0058215
0.0062959
0.0065490
0.0062747
0.0057504
0.0059045
0.0060815
0.0064875
0.0066164
0.0061257
0.0051347
0.0050452
0.0053690
0.0050726
0.0049815
0.0046037
0.0044061
0.0037091
0.0029713
0.0031805
0.0029594
0.0027708
0.0027056
0.0035010
0.0044602
0.0049214
0.0058733
0.0066439
0.0070746
0.0079096
0.0084546
0.0092646
0.0099345
0.0102383
0.0098282
0.0092764
0.0091727
0.0095524
0.0090393
0.0080566
0.0081694
0.0075982
0.0067099
0.0049242
0.0039918
0.0031530
0.0029806
0.0032810
0.0035440
0.0035909
0.0046701
0.0050787
0.0062131
0.0061030
0.0070766
0.0069030
0.0072655
0.0082521
0.0089629
0.0088385
0.0078332
0.0073368
0.0073770
0.0073629
0.0073578
0.0065716
0.0058450
0.0053325
0.0049025
0.0053075
0.0062274
0.0072457
0.0074845
0.0079626
0.0078305
0.0072965
0.0061148
0.0057816
0.0056474
0.0049703
0.0049199
0.0050654
0.0052149
0.0056137
0.0054904
0.0058030
0.0060414
0.0061365
0.0059349
0.0059171
0.0060736
0.0061021
0.0071795
0.0071430
0.0063839
0.0061230
0.0057772
0.0052405
0.0051827
0.0047661
0.0043368
0.0039485
0.0033894
0.0020090
0.0006905
-0.0007862
-0.0021101
-0.0024900
-0.0023282
-0.0013031
-0.0008490
-0.0008115
-0.0011941
-0.0007293
-0.0005014
-0.0001798
0.0001106
0.0005468
0.0011884
0.0014186
0.0013272
0.0016461
0.0019328
0.0019893
0.0016786
0.0020619
0.0008589
-0.0004831
-0.0007432
-0.0007006
-0.0004634
-0.0002558
0.0001998
0.0001856
-0.0008222
-0.0012050
-0.0014423
-0.0022584
-0.0024342
-0.0025714
-0.0022362
-0.0025413
-0.0018557
-0.0017496
-0.0013673
-0.0006142
-0.0006589
-0.0003234
-0.0008161
-0.0011088
-0.0014324
-0.0018571
-0.0023790
-0.0025230
-0.0018841
-0.0006502
0.0000136
0.0000317
0.0005646
0.0004849
0.0006798
0.0013486
0.0012148
0.0013789
0.0011732
0.0016453
0.0015812
0.0013986
0.0012410
0.0008259
0.0006188
0.0002619
0.0012101
0.0013359
0.0012937
0.0014441
0.0019852
0.0024073
0.0022976
0.0018679
0.0014887
0.0005713
0.0000694
0.0002709
0.0000664
0.0005378
0.0015875
0.0028008
0.0034306
0.0032980
0.0035564
0.0044864
0.0049273
0.0048881
0.0045427
0.0045629
0.0046669
0.0046347
0.0050766
0.0047564
0.0034362
0.0028915
0.0029056
0.0031495
0.0023621
0.0017650
0.0015913
0.0008133
0.0002660
-0.0004963
-0.0002476
0.0007415
0.0012363
0.0018618
0.0020660
0.0025606
0.0032446
0.0024615
0.0018275
0.0020258
0.0025952
0.0018376
0.0013033
0.0013165
0.0020478
0.0023243
0.0021064
0.0025083
0.0024390
0.0028885
0.0026453
0.0026979
0.0033702
0.0026002
0.0017350
0.0009334
0.0010028
0.0008524
0.0013448
0.0014312
0.0010410
0.0014265
0.0014385
0.0018333
0.0015741
0.0017116
0.0019266
0.0020572
0.0017467
0.0011539
0.0007021
0.0006017
0.0003312
-0.0000105
0.0000254
0.0003464
-0.0003702
0.0004494
0.0014592
0.0010819
0.0006063
0.0010915
0.0021366
0.0030316
0.0032423
0.0043039
0.0045397
0.0036991
0.0032521
0.0033474
0.0036984
0.0030951
0.0032275
0.0033740
0.0024072
0.0018670
0.0010236
0.0002898
-0.0003083
-0.0009895
-0.0012677
-0.0011483
0.0001890
0.0016421
0.0017125
0.0010744
0.0008295
0.0012936
0.0013808
0.0015715
0.0016239
0.0011174
0.0003248
-0.0000171
-0.0003985
-0.0009123
-0.0011598
-0.0017696
-0.0015261
-0.0014110
-0.0010996
-0.0000342
0.0009870
0.0017455
0.0019276
0.0019870
0.0018820
0.0016237
0.0018923
0.0019237
0.0014575
0.0010395
0.0008386
0.0003897
0.0001706
0.0002331
0.0002546
0.0003187
0.0004838
0.0000243
-0.0002785
0.0002667
0.0008768
0.0019068
0.0025601
0.0035853
0.0031908
0.0041207
0.0049762
0.0050100
0.0037838
0.0036065
0.0035485
0.0036009
0.0030350
0.0028608
0.0020197
0.0019310
0.0017433
0.0011211
0.0009807
0.0014394
0.0013987
0.0017281
0.0016425
0.0018425
0.0019931
0.0018389
0.0008103
0.0002024
-0.0012255
-0.0013684
-0.0014728
-0.0014693
-0.0014285
-0.0015598
-0.0009174
-0.0009229
-0.0005294
-0.0000846
0.0003965
0.0006970
0.0010735
0.0015727
0.0012030
0.0012806
0.0015566
0.0017698
0.0026169
0.0025941
0.0028029
0.0032410
0.0036239
0.0042258
0.0041346
0.0028997
0.0022494
0.0023234
0.0021122
0.0025383
0.0032937
0.0038919
0.0041135
0.0037992
0.0033468
0.0038407
0.0044523
0.0052572
0.0053378
0.0048221
0.0045271
0.0039015
0.0027545
0.0025125
0.0023931
0.0025873
0.0027459
0.0031286
0.0033251
0.0036325
0.0033452
0.0023899
0.0012731
0.0010049
0.0016809
0.0026968
0.0034287
0.0035296
0.0041546
0.0037228
0.0038262
0.0030118
0.0028019
0.0024529
0.0028378
0.0027855
0.0030571
0.0038317
0.0044267
0.0047443
0.0054493
0.0054772
0.0061330
0.0055472
0.0052541
0.0051315
0.0043068
0.0040960
0.0045157
0.0051629
0.0052354
0.0057445
0.0061216
0.0065112
0.0064045
0.0058582
0.0050263
0.0038935
0.0031061
0.0019279
0.0012648
0.0010113
0.0007947
-0.0000627
-0.0001699
-0.0003665
-0.0002878
0.0000987
0.0003696
0.0010045
0.0011627
0.0013500
0.0013648
0.0024077
0.0024366
0.0022453
0.0019149
0.0019119
0.0024438
0.0029141
0.0028873
0.0021994
0.0007920
-0.0004660
-0.0012556
-0.0019746
-0.0030466
-0.0030220
-0.0023409
-0.0022832
-0.0029745
-0.0033936
-0.0038880
-0.0035097
-0.0043403
-0.0054447
-0.0056215
-0.0056144
-0.0048599
-0.0033525
-0.0032081
-0.0034301
-0.0031201
-0.0033069
-0.0041763
-0.0038461
-0.0033904
-0.0020258
-0.0011007
-0.0005293
-0.0005327
0.0003656
0.0003872
0.0009235
0.0016905
0.0014294
0.0008700
-0.0004332
-0.0012981
-0.0018931
-0.0030201
-0.0031026
-0.0038289
-0.0040732
-0.0040343
-0.0048008
-0.0053354
-0.0051169
-0.0045275
-0.0038009
-0.0040733
-0.0047506
-0.0053197
-0.0060625
-0.0061771
-0.0065733
-0.0071036
-0.0070963
-0.0066567
-0.0061768
-0.0064557
-0.0066303
-0.0075624
-0.0077602
-0.0074367
-0.0074181
-0.0065502
-0.0062594
-0.0072195
-0.0077852
-0.0082084
-0.0077709
-0.0072935
-0.0074394
-0.0080887
-0.0077909
-0.0081937
-0.0085628
-0.0085518
-0.0080526
-0.0093564
-0.0102548
-0.0118895
-0.0132731
-0.0134314
-0.0135808
-0.0133823
-0.0126266
-0.0117361
-0.0112666
-0.0111062
-0.0106978
-0.0112166
-0.0112350
-0.0115962
-0.0116466
-0.0106210
-0.0100376
-0.0094964
-0.0094353
-0.0096118
-0.0103741
-0.0106100
-0.0109278
-0.0105946
-0.0101265
-0.0095782
-0.0096297
-0.0096140
-0.0091226
-0.0086200
-0.0085551
-0.0078307
-0.0073517
-0.0067277
-0.0067684
-0.0065425
-0.0063155
-0.0067927
-0.0070888
-0.0076716
-0.0071364
-0.0068746
-0.0067331
-0.0072915
-0.0069587
-0.0070634
-0.0076059
-0.0078428
-0.0085630
-0.0107328
-0.0115606
-0.0118647
-0.0120073
-0.0116798
-0.0110713
-0.0106364
-0.0103444
-0.0106220
-0.0108184
-0.0103395
-0.0098141
-0.0099014
-0.0094605
-0.0100952
-0.0105656
-0.0105290
-0.0106979
-0.0110373
-0.0104907
-0.0095431
-0.0099280
-0.0097127
-0.0095979
-0.0087802
-0.0081568
-0.0078417
-0.0076956
-0.0061540
-0.0043999
-0.0036827
-0.0025695
-0.0023815
-0.0023719
-0.0024282
-0.0024490
-0.0016562
-0.0019038
-0.0026868
-0.0035135
-0.0047602
-0.0048387
-0.0039588
-0.0035013
-0.0033119
-0.0042696
-0.0049407
-0.0055545
-0.0063921
-0.0073122
-0.0075620
-0.0060429
-0.0058099
-0.0047426
-0.0038931
-0.0026165
-0.0024431
-0.0020708
-0.0014418
-0.0017800
-0.0010736
-0.0011429
-0.0002508
-0.0003567
-0.0008617
-0.0013202
-0.0010275
-0.0015290
-0.0010834
-0.0007219
-0.0010796
-0.0010257
-0.0014802
-0.0012672
-0.0007449
0.0001210
0.0004258
0.0005562
0.0008991
0.0003721
0.0001881
0.0001763
0.0001536
-0.0006357
-0.0012987
-0.0019492
-0.0025250
-0.0019474
-0.0009859
-0.0005016
-0.0001893
0.0004918
0.0001901
-0.0000216
-0.0007420
-0.0016810
-0.0026247
-0.0040338
-0.0046264
-0.0052693
-0.0064202
-0.0060741
-0.0060841
-0.0051960
-0.0044403
-0.0033424
-0.0022386
-0.0017664
-0.0014229
-0.0022430
-0.0028606
-0.0030287
-0.0027245
-0.0020826
-0.0020885
-0.0016661
-0.0010956
-0.0002808
-0.0010619
-0.0013197
-0.0009369
-0.0015951
-0.0019566
-0.0025179
-0.0034108
-0.0033976
-0.0027630
-0.0022081
-0.0019773
-0.0012509
-0.0009023
-0.0008863
-0.0019106
-0.0020183
-0.0018332
-0.0012419
-0.0010615
-0.0015611
-0.0016731
-0.0016016
-0.0016794
-0.0007513
0.0003348
0.0005688
0.0009728
0.0019333
0.0027675
0.0029936
0.0033449
0.0027336
0.0029069
0.0028158
0.0022284
0.0013469
0.0007425
0.0003894
0.0000067
-0.0006303
-0.0011393
-0.0015384
-0.0020943
-0.0014769
-0.0020287
-0.0020672
-0.0017564
-0.0021592
-0.0020300
-0.0019770
-0.0021197
-0.0023181
-0.0030402
-0.0032764
-0.0033668
-0.0034293
-0.0038792
-0.0043696
-0.0047739
-0.0051950
-0.0061918
-0.0060111
-0.0062439
-0.0060327
-0.0055771
-0.0057266
-0.0058325
-0.0057508
-0.0059485
-0.0063918
-0.0071892
-0.0063688
-0.0055726
-0.0048837
-0.0043343
-0.0031988
-0.0031036
-0.0032331
-0.0036917
-0.0036971
-0.0043603
-0.0047572
-0.0050965
-0.0047740
-0.0047672
-0.0045999
-0.0035833
-0.0020709
-0.0017999
-0.0014319
-0.0018514
-0.0020162
-0.0022415
-0.0022891
-0.0020265
-0.0016246
-0.0012977
-0.0009621
0.0004031
0.0012471
0.0023056
0.0030508
0.0029052
0.0016175
0.0009279
-0.0006045
0.0001460
0.0003343
0.0002305
-0.0001108
-0.0002758
0.0000446
0.0013715
0.0018485
0.0027384
0.0028053
0.0021080
0.0017765
0.0014841
0.0011801
0.0010476
0.0011333
0.0006224
0.0009674
0.0012196
0.0010695
0.0002072
-0.0002455
-0.0001352
-0.0010303
-0.0011478
-0.0006878
-0.0003211
-0.0003088
-0.0002961
0.0001710
0.0001940
0.0004441
0.0002226
0.0003113
0.0004054
-0.0000050
-0.0002231
0.0004991
0.0011177
0.0011645
0.0019426
0.0027791
0.0036860
0.0029175
0.0030872
0.0026962
0.0031095
0.0028705
0.0037569
0.0044629
0.0038703
0.0031624
0.0022005
0.0018939
0.0013729
0.0008299
-0.0001613
-0.0008830
