1.0000000
0.8399917
0.7174039
0.6210306
0.5431767
0.4795874
0.4261070
0.3812339
0.3426430
0.3100419
0.2812587
0.2558749
0.2343155
0.2155250
0.1988975
0.1840651
0.1708899
0.1593243
0.1488702
0.1388256
0.1299310
0.1218488
0.1145254
0.1073951
0.1003039
0.0941166
0.0883703
0.0832676
0.0785687
0.0743773
0.0706015
0.0673765
0.0636383
0.0597174
0.0564582
0.0536957
0.0504870
0.0477979
0.0453853
0.0430993
0.0407969
0.0385911
0.0370504
0.0357226
0.0343357
0.0330593
0.0315002
0.0304943
0.0292728
0.0281051
0.0261189
0.0245369
0.0230847
0.0217826
0.0206672
0.0195684
0.0183868
0.0174122
0.0169904
0.0168269
0.0160319
0.0152439
0.0146393
0.0143318
0.0139776
0.0137100
0.0138447
0.0133084
0.0123931
0.0115435
0.0108908
0.0105553
0.0101987
0.0101875
0.0099789
0.0099905
0.0093481
0.0094648
0.0094570
0.0093201
0.0094081
0.0091281
0.0092425
0.0094447
0.0093514
0.0095306
0.0100962
0.0103150
0.0105474
0.0105907
0.0106550
0.0102021
0.0095064
0.0094014
0.0101574
0.0106874
0.0109049
0.0108424
0.0110006
0.0104526
0.0096859
0.0095641
0.0093943
0.0092967
0.0088591
0.0081217
0.0081107
0.0069686
0.0054477
0.0044503
0.0039475
0.0034893
0.0034767
0.0030483
0.0022471
0.0011462
0.0009054
0.0018908
0.0024343
0.0025784
0.0029209
0.0035306
0.0039662
0.0036718
0.0034962
0.0042478
0.0052245
0.0061174
0.0066125
0.0068289
0.0069105
0.0064205
0.0061997
0.0056216
0.0057919
0.0058648
0.0057197
0.0055332
0.0049322
0.0041936
0.0038526
0.0040823
0.0038657
0.0039267
0.0035822
0.0027320
0.0017427
0.0005528
-0.0005497
-0.0020717
-0.0031402
-0.0044585
-0.0062250
-0.0065937
-0.0068980
-0.0069704
-0.0066530
-0.0065213
-0.0072303
-0.0078995
-0.0089350
-0.0094083
-0.0094830
-0.0090765
-0.0082999
-0.0077264
-0.0070862
-0.0066126
-0.0062014
-0.0057995
-0.0057417
-0.0057371
-0.0052874
-0.0048740
-0.0046213
-0.0045902
-0.0041839
-0.0036951
-0.0029304
-0.0026120
-0.0025800
-0.0032096
-0.0037501
-0.0036585
-0.0039257
-0.0041735
-0.0041078
-0.0030056
-0.0024263
-0.0020169
-0.0013898
-0.0008746
-0.0005800
-0.0009875
-0.0009417
-0.0016960
-0.0021179
-0.0024174
-0.0023402
-0.0016446
-0.0010594
-0.0004995
-0.0003545
-0.0002732
0.0004714
0.0007422
0.0011325
0.0015670
0.0020537
0.0021890
0.0021667
0.0024844
0.0025349
0.0025299
0.0031080
0.0033753
0.0035409
0.0041773
0.0038859
0.0033402
0.0034889
0.0039499
0.0045890
0.0054549
0.0063639
0.0070404
0.0078586
0.0081521
0.0083907
0.0085636
0.0085671
0.0081589
0.0084121
0.0085466
0.0085585
0.0091055
0.0093576
0.0087710
0.0079650
0.0071563
0.0071829
0.0071500
0.0067329
0.0060100
0.0055910
0.0046737
0.0037515
0.0030835
0.0028424
0.0031124
0.0030481
0.0031322
0.0029403
0.0029291
0.0026605
0.0034270
0.0036057
0.0033745
0.0032518
0.0036523
0.0036987
0.0039976
0.0034920
0.0029380
0.0026725
0.0023659
0.0017489
0.0014527
0.0018007
0.0013668
0.0009736
0.0003681
-0.0004482
-0.0004506
0.0000749
0.0005962
0.0007482
0.0011346
0.0018013
0.0019424
0.0023032
0.0031817
0.0035739
0.0041770
0.0043383
0.0047137
0.0040171
0.0036906
0.0037457
0.0035687
0.0041018
0.0044389
0.0046204
0.0041674
0.0034105
0.0033322
0.0027001
0.0019715
0.0016544
0.0016670
0.0017528
0.0017587
0.0009672
0.0001071
-0.0005935
-0.0009854
-0.0011460
-0.0009726
-0.0013047
-0.0016589
-0.0017294
-0.0017738
-0.0017237
-0.0017261
-0.0017599
-0.0016674
-0.0015832
-0.0013688
-0.0012647
-0.0012104
-0.0012930
-0.0015507
-0.0014487
-0.0004715
0.0007323
0.0012468
0.0018701
0.0025399
0.0033408
0.0037018
0.0038087
0.0044320
0.0048935
0.0051421
0.0049351
0.0043915
0.0038332
0.0040375
0.0040064
0.0041804
0.0042929
0.0042074
0.0043006
0.0045730
0.0046462
0.0041087
0.0032729
0.0026448
0.0028701
0.0033109
0.0035008
0.0036689
0.0036119
0.0037025
0.0035212
0.0032443
0.0025015
0.0020837
0.0017804
0.0013179
0.0005820
-0.0001538
0.0003831
0.0005767
0.0005208
0.0008912
0.0016210
0.0025642
0.0029758
0.0025741
0.0028668
0.0024563
0.0023590
0.0027202
0.0034358
0.0042241
0.0050521
0.0054491
0.0055480
0.0047877
0.0046473
0.0044865
0.0044908
0.0041637
0.0040016
0.0036022
0.0031998
0.0022181
0.0012003
0.0007618
0.0005420
0.0006018
0.0012146
0.0014401
0.0014599
0.0017183
0.0018638
0.0019689
0.0021343
0.0025555
0.0031958
0.0038819
0.0048773
0.0056263
0.0061158
0.0070231
0.0080114
0.0085810
0.0078962
0.0074159
0.0070676
0.0073822
0.0075847
0.0082577
0.0079229
0.0074660
0.0071916
0.0074846
0.0074437
0.0078453
0.0069292
0.0059420
0.0055225
0.0051164
0.0045900
0.0042580
0.0038160
0.0041454
0.0037415
0.0042835
0.0046672
0.0055923
0.0060275
0.0060833
0.0059675
0.0053468
0.0050495
0.0049450
0.0047840
0.0046386
0.0049848
0.0048459
0.0052257
0.0058798
0.0059079
0.0058968
0.0051638
0.0047716
0.0043857
0.0046521
0.0053983
0.0053818
0.0049097
0.0052201
0.0056173
0.0059990
0.0057623
0.0052629
0.0049175
0.0043871
0.0044498
0.0046105
0.0041672
0.0043259
0.0046756
0.0051925
0.0053356
0.0053091
0.0053774
0.0064015
0.0074497
0.0084801
0.0082486
0.0073664
0.0066009
0.0056340
0.0044252
0.0032176
0.0018123
0.0013732
0.0004884
0.0001920
0.0002136
0.0001229
-0.0001060
-0.0004901
-0.0005220
-0.0000053
0.0005959
0.0014221
0.0019276
0.0021783
0.0018243
0.0019366
0.0011656
0.0004730
0.0000645
-0.0005611
-0.0013945
-0.0021594
-0.0027769
-0.0038016
-0.0043130
-0.0043954
-0.0046240
-0.0051940
-0.0050026
-0.0050326
-0.0053843
-0.0053308
-0.0053504
-0.0055023
-0.0052831
-0.0055458
-0.0067327
-0.0075123
-0.0074008
-0.0080007
-0.0084011
-0.0080508
-0.0074715
-0.0063868
-0.0057900
-0.0055431
-0.0042634
-0.0039003
-0.0027049
-0.0014774
-0.0002322
0.0003999
0.0008404
0.0006668
0.0012611
0.0015001
0.0019345
0.0026776
0.0027560
0.0022469
0.0025605
0.0024862
0.0023847
0.0023120
0.0019330
0.0016535
0.0015409
0.0010269
0.0002055
-0.0004701
-0.0010795
-0.0016448
-0.0022974
-0.0028087
-0.0039122
-0.0039495
-0.0035137
-0.0033502
-0.0038429
-0.0043945
-0.0049074
-0.0058851
-0.0066416
-0.0073902
-0.0083348
-0.0088868
-0.0099407
-0.0105391
-0.0106448
-0.0109604
-0.0105628
-0.0098099
-0.0096675
-0.0093480
-0.0085934
-0.0077213
-0.0073100
-0.0071901
-0.0073362
-0.0068929
-0.0078090
-0.0084921
-0.0086349
-0.0084761
-0.0083599
-0.0076242
-0.0072567
-0.0068526
-0.0062990
-0.0059616
-0.0046461
-0.0034024
-0.0024142
-0.0011780
-0.0000657
0.0008071
0.0018582
0.0021710
0.0019521
0.0020613
0.0012701
0.0017404
0.0018469
0.0019455
0.0015804
0.0015517
0.0022083
0.0029073
0.0036055
0.0038621
0.0040364
0.0045160
0.0053106
0.0057057
0.0059015
0.0063038
0.0067921
0.0073663
0.0083249
0.0083746
0.0079277
0.0072991
0.0071843
0.0073710
0.0075555
0.0071380
0.0070932
0.0064065
0.0068490
0.0063047
0.0064934
0.0060784
0.0055134
0.0055410
0.0063524
0.0064073
0.0062887
0.0061043
0.0057520
0.0058756
0.0066531
0.0078208
0.0089434
0.0092958
0.0092648
0.0086515
0.0086299
0.0083329
0.0078927
0.0073893
0.0063920
0.0052413
0.0042869
0.0038053
0.0039087
0.0043353
0.0049516
0.0053333
0.0054077
0.0053856
0.0051703
0.0053698
0.0054910
0.0060384
0.0067488
0.0067481
0.0067076
0.0064005
0.0058642
0.0058414
0.0055547
0.0056698
0.0054783
0.0052901
0.0046316
0.0041089
0.0037099
0.0035173
0.0030183
0.0026163
0.0029150
0.0029000
0.0023580
0.0019136
0.0018304
0.0017364
0.0015775
0.0011712
0.0013983
0.0015764
0.0016991
0.0024371
0.0030177
0.0035817
0.0036698
0.0031723
0.0029433
0.0028066
0.0021351
0.0020606
0.0023457
0.0021117
0.0014572
0.0017223
0.0018075
0.0017665
0.0014599
0.0014598
0.0015719
0.0014965
0.0014978
0.0014171
0.0000194
-0.0004077
-0.0007066
-0.0014285
-0.0013796
-0.0019499
-0.0031003
-0.0036141
-0.0031630
-0.0030983
-0.0027772
-0.0033366
-0.0039493
-0.0043361
-0.0041447
-0.0040907
-0.0035250
-0.0030454
-0.0024948
-0.0018165
-0.0020951
-0.0024482
-0.0024548
-0.0020795
-0.0018105
-0.0015831
-0.0005094
0.0001980
0.0006406
0.0011236
0.0015023
0.0016796
0.0014029
0.0014164
0.0009604
0.0000869
-0.0001055
-0.0006429
-0.0013871
-0.0023668
-0.0036260
-0.0045382
-0.0049101
-0.0053492
-0.0058177
-0.0063516
-0.0067952
-0.0068058
-0.0073471
-0.0062914
-0.0057528
-0.0060078
-0.0060849
-0.0063090
-0.0060612
-0.0057801
-0.0046614
-0.0038670
-0.0033064
-0.0022271
-0.0022014
-0.0019855
-0.0019646
-0.0018523
-0.0013145
-0.0012643
-0.0010718
-0.0011345
-0.0004535
-0.0005003
0.0001549
0.0008514
0.0013497
0.0019714
0.0018608
0.0020059
0.0016524
0.0015248
0.0018247
0.0014693
0.0010535
0.0008049
0.0011847
0.0015650
0.0020344
0.0029602
0.0033553
0.0039359
0.0039827
0.0038107
0.0039497
0.0039333
0.0037998
0.0048482
0.0059373
0.0057525
0.0054076
0.0055467
0.0055640
0.0055342
0.0056777
0.0053981
0.0048000
0.0042198
0.0042157
0.0047976
0.0056766
0.0063132
0.0064025
0.0071322
0.0079568
0.0089254
0.0097927
0.0102240
0.0101463
0.0105869
0.0098296
0.0091518
0.0087053
0.0080303
0.0069258
0.0058695
0.0048391
0.0039748
0.0032023
0.0022979
0.0012765
0.0005608
-0.0002938
-0.0010436
-0.0005693
-0.0011271
-0.0022106
-0.0031684
-0.0042349
-0.0052497
-0.0056312
-0.0063653
-0.0061704
-0.0058140
-0.0052978
-0.0048328
-0.0039605
-0.0026560
-0.0018172
-0.0005375
0.0004827
0.0016524
0.0028713
0.0035151
0.0042101
0.0044174
0.0037369
0.0029678
0.0024684
0.0020391
0.0022050
0.0021250
0.0019701
0.0022238
0.0023816
0.0029640
0.0025465
0.0029602
0.0032380
0.0037117
0.0039966
0.0042110
0.0049662
0.0057505
0.0060808
0.0059794
0.0057034
0.0058122
0.0061398
0.0065740
0.0074103
0.0076160
0.0078833
0.0072629
0.0062568
0.0058961
0.0054042
0.0044755
0.0038181
0.0037791
0.0044409
0.0050894
0.0054573
0.0053829
0.0050415
0.0040462
0.0034630
0.0027668
0.0021448
0.0018275
0.0013509
0.0015846
0.0017010
0.0023760
0.0023998
0.0029854
0.0027251
0.0026974
0.0020642
0.0018058
0.0022643
0.0026135
0.0028993
0.0034775
0.0040788
0.0046116
0.0051870
0.0056110
0.0065870
0.0066124
0.0062715
0.0059430
0.0062315
0.0058833
0.0051276
0.0041717
0.0036551
0.0035470
0.0040641
0.0044613
0.0041199
0.0041496
0.0038166
0.0036048
0.0037854
0.0040961
0.0045010
0.0049450
0.0054151
0.0060905
0.0064930
0.0067266
0.0066029
0.0062346
0.0053432
0.0053270
0.0053882
0.0059645
0.0059031
0.0064191
0.0075846
0.0078602
0.0079051
0.0074941
0.0070434
0.0068768
0.0055203
0.0049270
0.0042519
0.0041172
0.0039364
0.0038220
0.0028565
0.0029010
0.0029808
0.0032089
0.0035156
0.0039042
0.0045091
0.0048960
0.0048287
0.0055393
0.0052998
0.0049396
0.0041068
0.0033722
0.0031980
0.0027551
0.0021033
0.0018346
0.0020692
0.0020727
0.0017212
0.0014844
0.0020804
0.0020550
0.0020920
0.0021717
0.0021065
0.0023059
0.0024003
0.0025974
0.0027523
0.0021763
0.0015303
0.0009871
0.0010586
0.0011874
0.0005335
0.0004971
0.0012420
0.0022753
0.0031267
0.0036600
0.0036027
0.0034081
0.0037099
0.0040694
0.0039616
0.0039989
0.0043224
0.0046356
0.0045900
0.0048132
0.0051373
0.0050587
0.0058132
0.0053024
0.0047335
0.0044472
0.0042962
0.0047049
0.0041691
0.0041648
0.0030184
0.0025170
0.0020074
0.0013228
0.0009977
0.0005884
0.0007539
0.0003568
0.0002771
0.0006246
0.0011751
0.0019040
0.0019396
0.0026012
0.0029731
0.0024012
0.0015826
0.0011697
0.0012383
0.0019166
0.0026914
0.0030978
0.0030427
0.0023607
0.0011323
0.0002258
0.0000020
0.0007672
0.0012012
0.0019872
0.0021819
0.0025455
0.0030370
0.0029250
0.0035732
0.0044405
0.0046981
0.0049268
0.0054613
0.0069843
0.0086314
0.0093816
0.0094600
0.0088698
0.0083163
0.0081888
0.0078772
0.0074261
0.0068403
0.0068290
0.0072270
0.0067660
0.0069435
0.0068230
0.0061391
0.0056690
0.0045955
0.0036338
0.0032702
0.0029431
0.0024382
0.0020480
0.0012151
-0.0002587
-0.0010899
-0.0018124
-0.0023920
-0.0023502
-0.0027197
-0.0034968
-0.0045137
-0.0040594
-0.0034996
-0.0028282
-0.0027394
-0.0021509
-0.0020115
-0.0012344
-0.0009785
-0.0005272
-0.0003763
-0.0002520
0.0002300
0.0006336
0.0006370
0.0005433
0.0007137
0.0011592
0.0014735
0.0019620
0.0027207
0.0033072
0.0040463
0.0044548
0.0046475
0.0049304
0.0053570
0.0059201
0.0063803
0.0068420
0.0068063
0.0072311
0.0071072
0.0072464
0.0073804
0.0079534
0.0079747
0.0079911
0.0078630
0.0068681
0.0059627
0.0047587
0.0038816
0.0032622
0.0027811
0.0022940
0.0020513
0.0010240
-0.0000268
-0.0010788
-0.0009264
-0.0007944
-0.0003404
0.0005653
0.0009488
0.0004414
-0.0000439
-0.0011053
-0.0020934
-0.0023556
-0.0026124
-0.0024056
-0.0017808
-0.0009704
-0.0002942
0.0006785
0.0013809
0.0012491
0.0016395
0.0019832
0.0029295
0.0041167
0.0042076
0.0043278
0.0049239
0.0043725
0.0038289
0.0029030
0.0020202
0.0012404
0.0001841
-0.0001139
0.0000703
0.0003261
0.0002788
0.0007866
0.0019223
0.0033157
0.0046054
0.0052361
0.0058155
0.0065643
0.0067385
0.0071424
0.0071538
0.0070887
0.0063490
0.0055332
0.0039281
0.0030174
0.0023857
0.0015059
0.0002132
-0.0007067
-0.0010044
-0.0008766
-0.0009099
-0.0006395
-0.0004583
-0.0009045
-0.0005919
-0.0001800
-0.0000882
-0.0001461
-0.0001953
-0.0002271
-0.0002695
-0.0003930
0.0005318
0.0010502
0.0008185
0.0005733
0.0001216
-0.0008606
-0.0012324
-0.0022250
-0.0032368
-0.0047563
-0.0052630
-0.0057918
-0.0055728
-0.0050075
-0.0046831
-0.0044105
-0.0037170
-0.0025681
-0.0014389
-0.0010533
-0.0005429
-0.0003897
-0.0000484
0.0006886
0.0009336
0.0014807
0.0021843
0.0028627
0.0027935
0.0024973
0.0018991
0.0017012
0.0018905
0.0024837
0.0029908
0.0039775
0.0050037
0.0058349
0.0069134
0.0068299
0.0068952
0.0074307
0.0074284
0.0069933
0.0065437
0.0062420
0.0063553
0.0067464
0.0066249
0.0063530
0.0064492
0.0065079
0.0063973
0.0062295
0.0057088
0.0057703
0.0051569
0.0040305
0.0032619
0.0028958
0.0017848
0.0006756
-0.0002726
-0.0011789
-0.0014846
-0.0018807
-0.0019057
-0.0019834
-0.0013555
-0.0002958
0.0000440
0.0007088
0.0012567
0.0005901
-0.0002227
-0.0003191
-0.0000592
-0.0001127
0.0003960
-0.0003275
-0.0008860
-0.0003470
0.0004331
0.0014402
0.0023895
0.0024026
0.0016369
0.0010276
0.0008534
0.0010369
0.0012668
0.0016846
0.0021800
0.0023620
0.0030711
0.0030310
0.0027188
0.0021273
0.0015286
0.0022472
0.0024366
0.0026675
0.0029121
0.0023349
0.0023691
0.0026649
0.0026988
0.0023339
0.0020223
0.0023401
0.0030411
0.0036894
0.0033361
0.0028705
0.0027442
0.0034204
0.0039707
0.0039560
0.0042955
0.0042848
0.0047043
0.0053418
0.0062726
0.0066970
0.0067953
0.0067915
0.0066328
0.0062832
0.0059153
0.0057971
0.0055659
0.0046916
0.0035782
0.0029596
0.0035093
0.0029613
0.0032002
0.0028797
0.0027463
0.0022741
0.0020253
0.0016841
0.0013879
0.0010583
0.0003264
0.0000230
-0.0002616
-0.0015770
-0.0024150
-0.0026485
-0.0027972
-0.0029167
-0.0023603
-0.0022362
-0.0020896
-0.0026421
-0.0028067
-0.0028796
-0.0024301
-0.0017497
-0.0014457
-0.0015484
-0.0016395
-0.0022362
-0.0025891
-0.0028113
-0.0025389
-0.0023854
-0.0021560
-0.0020946
-0.0016490
-0.0015363
-0.0006703
0.0002147
0.0008464
0.0018073
0.0020015
0.0027838
0.0030217
0.0035946
0.0048223
0.0062787
0.0073117
0.0074071
0.0082161
0.0080339
0.0077673
0.0071540
0.0072724
0.0068953
0.0068236
0.0066649
0.0068532
0.0072765
0.0070394
0.0067798
0.0061631
0.0060908
0.0066238
0.0065541
0.0056807
0.0047772
0.0040425
0.0037560
0.0035277
0.0028200
0.0023001
0.0027900
0.0038373
0.0048332
0.0056389
0.0061359
0.0056033
0.0048516
0.0043810
0.0038957
0.0035222
0.0034456
0.0033165
0.0024040
0.0017650
0.0014016
0.0012583
0.0014188
0.0014768
0.0014011
0.0007338
0.0000622
-0.0000594
-0.0006065
-0.0016717
-0.0022275
-0.0032058
-0.0032717
-0.0032428
-0.0024613
-0.0018974
-0.0018657
-0.0017628
-0.0017577
-0.0017623
-0.0018630
-0.0017417
-0.0015679
-0.0016216
-0.0012909
-0.0020210
-0.0025788
-0.0024039
-0.0017389
-0.0009440
-0.0002451
0.0001502
0.0008918
0.0010574
0.0007473
0.0011610
0.0012412
0.0006962
0.0005580
0.0006407
0.0002677
-0.0004786
-0.0009950
-0.0017020
-0.0022471
-0.0028608
-0.0033489
-0.0041319
-0.0044584
-0.0035459
-0.0028498
-0.0022498
-0.0023302
-0.0029437
-0.0036659
-0.0032564
-0.0037397
-0.0039614
-0.0039477
-0.0042652
-0.0044224
-0.0046842
-0.0044206
-0.0039381
-0.0027045
-0.0016439
-0.0011987
-0.0017396
-0.0024242
-0.0031784
-0.0036012
-0.0042310
-0.0044153
-0.0047493
-0.0042943
-0.0047375
-0.0052611
-0.0054229
-0.0050773
-0.0050150
-0.0057700
-0.0060903
-0.0059078
-0.0049609
-0.0040376
-0.0036482
-0.0036930
-0.0032878
-0.0035234
-0.0041366
-0.0049637
-0.0057797
-0.0061975
-0.0057845
-0.0060074
-0.0067732
-0.0072405
-0.0076103
-0.0085055
-0.0088235
-0.0086473
-0.0074665
-0.0070601
-0.0063469
-0.0052792
-0.0047208
-0.0044558
-0.0039270
-0.0040477
-0.0040099
-0.0038430
-0.0036488
-0.0041426
-0.0040551
-0.0042201
-0.0045786
-0.0048686
-0.0046447
-0.0043582
-0.0043007
-0.0035749
-0.0032859
-0.0027223
-0.0030370
-0.0031957
-0.0032158
-0.0031660
-0.0032173
-0.0027721
-0.0025290
-0.0019173
-0.0012102
-0.0006444
-0.0001272
0.0006877
0.0012733
0.0016795
0.0013647
0.0010823
0.0006062
0.0007327
-0.0000447
-0.0015102
-0.0023347
-0.0029951
-0.0029215
-0.0023137
-0.0018477
-0.0013754
-0.0010702
-0.0011069
-0.0017126
-0.0020290
-0.0019802
-0.0017377
-0.0010584
-0.0003188
0.0004823
0.0010401
0.0007746
0.0006547
0.0004948
0.0003193
-0.0002528
-0.0004622
-0.0008944
-0.0008515
-0.0000225
0.0009468
0.0022981
0.0042753
0.0050092
0.0051053
0.0053428
0.0051726
0.0050860
0.0042909
0.0037201
0.0034386
0.0034650
0.0037201
0.0031034
0.0018400
0.0009928
0.0002997
0.0005030
0.0011877
0.0013835
0.0008814
0.0009640
0.0005739
-0.0000655
-0.0004520
-0.0006839
-0.0004331
-0.0002809
0.0001833
0.0009886
0.0014456
0.0020365
0.0024244
0.0024712
0.0021550
0.0011390
0.0005543
0.0015755
0.0024057
0.0029752
0.0042087
0.0046418
0.0050622
0.0058051
0.0067215
0.0071613
0.0072889
0.0072035
0.0073237
0.0068971
0.0064958
0.0061420
0.0060213
0.0067284
0.0067251
0.0065229
0.0056769
0.0049673
0.0038226
0.0029731
0.0020872
0.0019632
0.0024430
0.0034077
0.0042118
0.0046788
0.0051099
0.0048794
0.0050519
0.0056967
0.0054543
0.0054438
0.0056516
0.0054338
0.0045992
0.0043437
0.0044083
0.0043554
0.0037295
0.0035376
0.0031220
0.0026975
0.0024466
0.0021477
0.0017773
0.0019027
0.0017353
0.0022984
0.0027423
0.0032935
0.0032728
0.0032583
0.0030580
0.0029392
0.0026006
0.0017453
0.0014667
0.0013156
0.0011998
0.0012545
0.0012210
0.0007613
0.0005567
-0.0001313
-0.0002359
0.0004160
0.0012567
0.0017665
0.0019889
0.0021490
0.0026838
0.0028754
0.0035668
0.0043239
0.0044921
0.0047207
0.0050325
0.0048000
0.0047202
0.0056212
0.0062047
0.0070034
0.0073517
0.0076033
0.0075846
0.0072456
0.0061134
0.0054746
0.0049563
0.0041891
0.0041437
0.0035949
0.0032408
0.0025301
0.0023213
0.0018616
0.0010651
0.0003342
-0.0000496
-0.0007862
-0.0012118
-0.0008691
-0.0007325
-0.0002046
0.0003115
0.0004647
0.0011998
0.0015310
0.0020518
0.0022344
0.0021029
0.0014242
0.0007645
0.0008807
0.0011422
0.0013794
0.0010510
0.0005504
0.0006949
0.0003822
0.0001243
0.0000104
-0.0000421
-0.0009914
-0.0016935
-0.0026982
-0.0041159
-0.0045060
-0.0050009
-0.0048753
-0.0051652
-0.0042787
-0.0040193
-0.0040230
-0.0042642
-0.0048062
-0.0052412
-0.0051215
-0.0051404
-0.0053453
-0.0048455
-0.0042861
-0.0039267
-0.0035357
-0.0028793
-0.0028637
-0.0033667
-0.0034220
-0.0038997
-0.0036137
-0.0030437
-0.0030654
-0.0030715
-0.0025601
-0.0029928
-0.0029276
-0.0025885
-0.0027919
-0.0026736
-0.0028742
-0.0028021
-0.0026147
-0.0022665
-0.0016769
-0.0013906
-0.0010107
-0.0010689
-0.0003309
0.0000630
-0.0000578
-0.0006093
-0.0013876
-0.0019936
-0.0023930
-0.0019137
-0.0013796
-0.0007956
-0.0003344
-0.0002055
-0.0000569
0.0007294
0.0011551
0.0015928
0.0013664
0.0017832
0.0023738
0.0032577
0.0041026
0.0041808
0.0045031
0.0055427
0.0064488
0.0063268
0.0050858
0.0045488
0.0043503
0.0047210
0.0045657
0.0052116
0.0057674
0.0061166
0.0066223
0.0066305
0.0058598
0.0048554
0.0040763
0.0028804
0.0018904
0.0009256
-0.0000753
-0.0006763
-0.0011013
-0.0024628
-0.0028210
-0.0035995
-0.0046725
-0.0058553
-0.0066592
-0.0066635
-0.0065503
-0.0066611
-0.0062104
-0.0058807
-0.0055789
-0.0048612
-0.0048124
-0.0049668
-0.0050138
-0.0053531
-0.0060254
-0.0069888
-0.0077009
-0.0081537
-0.0083608
-0.0083312
-0.0075510
-0.0065285
-0.0061585
-0.0057847
-0.0054798
-0.0053910
-0.0054286
-0.0053318
-0.0048557
-0.0043326
-0.0038384
-0.0035156
-0.0032425
-0.0024413
-0.0027596
-0.0034060
-0.0036807
-0.0029747
-0.0025296
-0.0018247
-0.0017253
-0.0021148
-0.0024596
-0.0029385
-0.0034050
-0.0034998
-0.0040495
-0.0040987
-0.0038787
-0.0036400
-0.0029839
-0.0020519
-0.0013128
-0.0010829
-0.0006102
-0.0006117
-0.0004944
-0.0003022
-0.0006384
-0.0013728
-0.0014360
-0.0019733
-0.0024909
-0.0029159
-0.0034758
-0.0038571
-0.0034901
-0.0028048
-0.0017958
-0.0011781
-0.0001943
0.0009336
0.0016427
0.0023814
0.0035041
0.0043848
0.0049076
0.0050931
0.0047914
0.0049585
0.0051531
0.0050985
0.0051217
0.0045309
0.0042913
0.0038705
0.0042846
0.0047511
0.0049465
0.0050629
0.0043319
0.0043870
0.0043261
0.0046580
0.0052554
0.0049663
0.0043889
0.0037412
0.0030674
0.0027455
0.0015077
0.0003753
-0.0010965
-0.0019991
-0.0026447
-0.0029432
-0.0035158
-0.0040226
-0.0054852
-0.0060685
-0.0065096
-0.0066940
-0.0068681
-0.0071197
-0.0074585
-0.0082124
-0.0078350
-0.0073180
-0.0069167
-0.0070737
-0.0071686
-0.0072530
-0.0075347
-0.0086502
-0.0087411
-0.0087698
-0.0087716
-0.0084823
-0.0078890
-0.0071146
-0.0056090
-0.0036345
-0.0030871
-0.0025144
-0.0018604
-0.0022567
-0.0022000
-0.0027154
-0.0027828
-0.0033627
-0.0033813
-0.0029949
-0.0032040
-0.0034735
-0.0030506
-0.0028960
-0.0023098
-0.0013739
-0.0002230
0.0005818
0.0015550
0.0022713
0.0027706
0.0032841
0.0043266
0.0046603
0.0044527
0.0049612
0.0049885
0.0049429
0.0044277
0.0036000
0.0022276
0.0018243
0.0016246
0.0012847
0.0011087
0.0004350
-0.0004662
-0.0010206
-0.0009441
-0.0012858
-0.0016226
-0.0021746
-0.0020842
-0.0018220
-0.0013797
-0.0011663
-0.0004037
-0.0005718
-0.0000160
0.0003345
0.0007834
0.0004113
0.0007629
0.0010275
0.0007436
0.0004848
0.0003262
-0.0000138
-0.0002481
-0.0010327
-0.0017661
-0.0019052
-0.0020452
-0.0021743
-0.0023055
-0.0024535
-0.0017115
-0.0009639
-0.0000126
0.0006190
0.0007033
0.0007414
0.0012454
0.0010118
0.0012128
0.0021627
0.0030733
0.0032196
0.0034733
0.0034403
0.0027412
0.0023224
0.0018264
0.0011699
0.0012374
0.0021875
0.0032579
0.0039232
0.0048484
0.0047951
0.0043657
0.0042647
0.0042227
0.0041904
0.0035336
0.0036848
0.0039935
0.0038859
0.0034885
0.0033560
0.0034572
0.0035707
0.0035215
0.0036903
0.0033760
0.0031579
0.0036279
0.0042646
0.0048394
0.0046704
0.0046833
0.0043854
0.0037085
0.0035215
0.0029999
0.0019556
0.0008868
-0.0000135
-0.0002806
-0.0008446
-0.0010257
-0.0009106
-0.0012657
-0.0008613
-0.0002390
-0.0000876
-0.0002364
0.0000333
-0.0002680
-0.0000766
0.0001210
0.0002010
0.0001021
0.0001408
0.0003188
0.0005820
0.0007404
-0.0002231
-0.0002607
0.0001630
0.0011801
0.0012731
0.0006862
0.0002603
-0.0000836
-0.0002954
-0.0000683
-0.0000302
0.0000044
-0.0007463
-0.0010201
-0.0015213
-0.0018367
-0.0019130
-0.0016163
-0.0012779
-0.0006552
-0.0006081
-0.0000058
0.0003608
0.0006655
0.0009507
0.0001803
-0.0003900
-0.0014322
-0.0015699
-0.0011392
-0.0004543
-0.0000167
0.0002733
0.0004137
0.0008851
0.0013333
0.0019619
0.0025259
0.0030702
0.0030857
0.0025080
0.0022850
0.0021011
0.0017005
0.0008779
0.0005326
0.0003220
0.0005791
0.0008653
0.0011224
0.0012066
0.0012286
0.0006801
0.0006793
0.0009946
0.0014108
0.0014106
0.0020427
0.0029848
0.0031389
0.0032972
0.0035918
0.0037425
0.0033483
0.0024989
0.0020030
0.0011481
0.0005563
-0.0002293
-0.0003807
-0.0003371
-0.0003485
0.0002397
0.0001619
-0.0002650
-0.0002858
0.0004655
0.0009575
0.0008606
0.0004505
0.0006176
0.0001167
0.0000302
-0.0003233
-0.0005171
-0.0008516
-0.0009253
-0.0016073
-0.0023411
-0.0028717
-0.0027156
-0.0022148
-0.0019729
-0.0020418
-0.0021375
-0.0020652
-0.0018548
-0.0013937
-0.0009878
-0.0007180
-0.0000984
0.0012848
0.0022288
0.0027215
0.0037705
0.0040342
0.0035136
0.0033895
0.0028346
0.0030074
0.0041086
0.0043767
0.0044307
0.0041885
0.0037106
0.0043759
0.0048221
0.0045992
0.0039411
0.0030958
0.0027059
0.0028813
0.0029994
0.0025009
0.0019392
0.0004927
-0.0008255
-0.0020382
-0.0026164
-0.0026576
-0.0016391
-0.0007298
-0.0002552
0.0003697
0.0006848
0.0006137
-0.0000013
-0.0002609
-0.0004890
-0.0004807
-0.0003643
-0.0000600
0.0006632
0.0005126
0.0005760
0.0012426
0.0013072
0.0022928
0.0023399
0.0029758
0.0032193
0.0034074
0.0030401
0.0024979
0.0025448
0.0018873
0.0012082
0.0009952
0.0016769
0.0023149
0.0025008
0.0027151
0.0023792
0.0022627
0.0018038
0.0012817
0.0009448
0.0005916
0.0006747
0.0011121
0.0009871
0.0007843
-0.0000357
0.0001416
0.0006553
0.0011405
0.0015135
0.0011741
-0.0001719
-0.0006401
-0.0005547
-0.0004600
-0.0003043
-0.0002246
-0.0004076
-0.0000136
0.0007918
0.0015088
0.0017683
0.0014174
0.0015671
0.0017054
0.0019611
0.0023851
0.0029983
0.0035569
0.0040489
0.0031850
0.0031699
0.0030453
0.0038394
0.0045370
0.0043555
0.0045936
0.0051490
0.0053895
0.0061187
0.0065957
0.0072247
0.0074837
0.0074636
0.0073643
0.0065782
0.0055290
0.0045172
0.0034857
0.0028196
0.0023729
0.0020101
0.0015181
0.0005068
0.0002288
0.0003444
0.0009435
0.0010326
0.0013667
0.0014375
0.0015632
0.0015749
0.0015118
0.0020300
0.0025957
0.0030941
0.0033733
0.0037088
0.0041389
0.0048710
0.0055670
0.0062139
0.0072562
0.0077102
0.0073163
0.0072114
0.0078710
0.0081572
0.0086210
0.0087733
0.0089049
0.0089074
0.0089603
0.0088117
0.0080961
0.0071437
0.0066253
0.0068935
0.0063301
0.0050591
0.0037975
0.0023377
0.0014195
0.0016742
0.0016901
0.0018244
0.0019380
0.0022191
0.0024103
0.0029888
0.0033421
0.0034616
0.0028846
0.0024077
0.0018031
0.0020821
0.0025701
0.0027143
0.0030687
0.0030485
0.0026746
0.0022083
0.0019910
0.0020383
0.0017191
0.0013058
0.0011395
0.0005115
-0.0001014
-0.0004591
-0.0006142
-0.0009977
-0.0012314
-0.0006027
-0.0003006
0.0004404
0.0009125
0.0017950
0.0026636
0.0037070
0.0042064
0.0043484
0.0047388
0.0049032
0.0049880
0.0054129
0.0054013
0.0048035
0.0045637
0.0039460
0.0037316
0.0030255
0.0021538
0.0007751
0.0001034
-0.0000744
-0.0004325
-0.0003345
-0.0009004
-0.0013738
-0.0010144
-0.0002017
0.0003850
0.0003442
-0.0001671
-0.0002940
0.0003217
0.0005693
0.0013841
0.0016792
0.0017887
0.0021587
0.0026905
0.0026408
0.0025496
0.0026423
0.0031051
0.0034742
0.0038482
0.0037997
0.0036049
0.0036104
0.0040503
0.0042950
0.0051673
0.0050264
0.0048385
0.0055324
0.0050388
0.0049829
0.0046639
0.0046244
0.0042718
0.0044676
0.0043682
0.0047124
0.0046072
0.0038086
0.0032035
0.0031019
0.0024050
0.0016384
0.0002461
-0.0002853
-0.0005098
-0.0007605
-0.0007065
-0.0004582
-0.0001245
-0.0001868
0.0003695
0.0004478
