1.0000000
0.5835598
0.3686036
0.2423913
0.1657869
0.1165164
0.0837903
0.0602484
0.0432630
0.0322349
0.0241439
0.0187555
0.0120633
0.0098967
0.0079419
0.0065114
0.0055489
0.0054548
0.0034322
0.0024787
0.0019277
0.0003680
0.0005209
0.0009916
0.0012862
0.0009639
0.0018317
0.0020428
0.0007363
0.0002712
-0.0003111
-0.0004564
-0.0004763
-0.0009503
-0.0015193
0.0001653
-0.0015300
-0.0029908
-0.0038509
-0.0034320
-0.0031830
-0.0014310
-0.0010486
-0.0004347
0.0011107
0.0004821
0.0008313
0.0010983
0.0002135
0.0008844
0.0009946
0.0011054
0.0024327
0.0000570
-0.0010634
-0.0012016
-0.0007717
0.0003508
-0.0005622
0.0006726
0.0014282
0.0023240
0.0033442
0.0028891
0.0017115
0.0025209
0.0018704
0.0010483
0.0002573
-0.0011632
-0.0019465
-0.0020474
-0.0011308
-0.0025314
-0.0025447
-0.0025074
-0.0024566
-0.0015730
-0.0000581
0.0023369
0.0015417
0.0011845
0.0002756
-0.0005727
-0.0007547
0.0001007
0.0011728
0.0002180
-0.0004851
-0.0033572
-0.0037411
-0.0009903
-0.0008526
0.0013554
0.0009109
-0.0003137
-0.0017030
-0.0015543
-0.0011859
-0.0009327
-0.0006216
0.0000888
-0.0014228
-0.0032396
-0.0047548
-0.0038797
-0.0042945
-0.0025795
-0.0025514
-0.0031081
-0.0020027
-0.0013926
-0.0024536
-0.0023897
-0.0025041
-0.0014365
-0.0006284
-0.0006435
-0.0022565
-0.0022893
-0.0019024
-0.0007580
-0.0010530
-0.0021463
-0.0031001
-0.0037605
-0.0039111
-0.0048741
-0.0042123
-0.0052765
-0.0048971
-0.0030317
-0.0024410
-0.0021758
-0.0017672
0.0005831
0.0002640
0.0027623
0.0025191
0.0024728
0.0029458
0.0038513
0.0049062
0.0040264
0.0041585
0.0032116
0.0028110
0.0012768
0.0016670
0.0016991
0.0013061
0.0004958
0.0000655
0.0000477
0.0000033
-0.0009826
-0.0006259
0.0008923
0.0025896
0.0018647
0.0004219
0.0012323
0.0017574
0.0017116
0.0007445
-0.0004115
-0.0006637
-0.0019747
-0.0005083
0.0000416
-0.0013223
-0.0016068
-0.0011903
-0.0008180
-0.0012953
0.0000843
0.0020759
0.0021963
0.0018376
0.0000814
-0.0018508
-0.0023870
-0.0014479
-0.0017294
-0.0008074
-0.0009148
-0.0003235
-0.0022060
-0.0017305
-0.0025319
-0.0023909
-0.0012764
-0.0008922
-0.0013205
-0.0022860
-0.0024580
-0.0020767
-0.0007824
-0.0013954
-0.0018258
-0.0005938
0.0002407
-0.0001411
-0.0000547
-0.0005884
0.0005641
0.0007555
-0.0010826
-0.0011859
-0.0013003
-0.0012103
-0.0008530
-0.0007600
-0.0003660
-0.0005914
0.0000430
0.0002349
0.0010551
0.0001365
-0.0010949
-0.0021618
-0.0032120
-0.0042194
-0.0043978
-0.0039482
-0.0040083
-0.0038357
-0.0029288
-0.0032914
-0.0038350
-0.0033000
-0.0039953
-0.0040118
-0.0029303
-0.0022106
-0.0012063
0.0000150
0.0004413
-0.0006496
-0.0009497
-0.0012099
-0.0004371
0.0001776
0.0007565
0.0000407
-0.0002054
-0.0007456
-0.0000948
0.0003364
-0.0002709
0.0000325
-0.0003082
-0.0013240
-0.0022245
-0.0009885
0.0005798
0.0011022
-0.0002774
0.0004681
0.0006746
-0.0000481
-0.0017680
-0.0043103
-0.0055903
-0.0045211
-0.0037421
-0.0021398
-0.0016334
-0.0021777
-0.0020355
-0.0019094
-0.0019660
-0.0015149
-0.0008568
-0.0002404
0.0031551
0.0031773
0.0048367
0.0052312
0.0069055
0.0070398
0.0060252
0.0043120
0.0023019
-0.0008202
-0.0005765
-0.0007482
-0.0003856
-0.0001768
-0.0004027
0.0001361
0.0007381
0.0014580
0.0017561
-0.0002928
-0.0025066
-0.0019583
-0.0026322
-0.0025031
-0.0015270
-0.0015272
-0.0014830
0.0004524
-0.0001930
-0.0002023
0.0001503
-0.0001255
0.0008413
0.0013032
0.0015607
0.0019427
0.0014018
0.0014732
0.0016530
0.0009402
0.0002495
0.0003994
0.0007007
-0.0006100
-0.0018136
-0.0012143
-0.0002422
0.0011039
0.0023602
0.0025068
0.0025567
0.0011531
0.0000179
0.0013000
0.0021589
0.0017952
0.0023153
0.0018561
0.0021231
0.0008569
-0.0005358
-0.0003275
0.0003422
0.0000978
0.0001447
0.0011918
0.0011862
-0.0001047
0.0009932
0.0009215
0.0000951
-0.0007059
-0.0022303
-0.0017278
-0.0011362
-0.0002121
-0.0020588
-0.0017403
0.0002604
-0.0006753
-0.0016804
-0.0014054
-0.0032668
-0.0028944
-0.0010709
-0.0005586
-0.0011894
-0.0010412
-0.0021804
-0.0019984
-0.0004800
0.0007601
0.0006528
0.0012954
-0.0000313
-0.0019075
-0.0010313
-0.0015084
-0.0027677
-0.0037162
-0.0038051
-0.0021016
-0.0001398
-0.0011034
-0.0031636
-0.0018273
-0.0005811
0.0008968
0.0017831
0.0024429
0.0033715
0.0033034
0.0035655
0.0033135
0.0025778
0.0009953
-0.0008541
-0.0016668
-0.0037402
-0.0038054
-0.0030678
-0.0021146
-0.0014558
-0.0012887
-0.0022535
-0.0007412
-0.0009831
-0.0021661
-0.0031949
-0.0027007
-0.0021543
-0.0030409
-0.0036908
-0.0047874
-0.0037860
-0.0030100
-0.0024539
-0.0011784
0.0006355
0.0000126
-0.0010759
-0.0001256
0.0018447
0.0019478
0.0024958
0.0023333
0.0016198
0.0022776
0.0025459
0.0030496
0.0015832
0.0016511
0.0027153
0.0019878
0.0030444
0.0025312
0.0012663
0.0011981
0.0010168
0.0015312
0.0000707
0.0006709
0.0017311
0.0036900
0.0048655
0.0040412
0.0033957
0.0032856
0.0042888
0.0028312
0.0007343
0.0004616
0.0001810
-0.0005461
-0.0009106
-0.0007989
-0.0003435
0.0014863
0.0010925
0.0001155
-0.0010694
-0.0022715
-0.0014180
-0.0010798
-0.0001725
-0.0006108
-0.0001341
-0.0009701
-0.0022454
-0.0032098
-0.0042689
-0.0048734
-0.0050100
-0.0033195
-0.0022192
-0.0019292
-0.0034079
-0.0034681
-0.0032210
-0.0036969
-0.0028292
-0.0008697
0.0023067
0.0025929
0.0022953
0.0023787
0.0015135
-0.0003247
-0.0006724
-0.0016081
-0.0005425
-0.0019608
-0.0016958
-0.0029739
-0.0031702
-0.0027918
-0.0011799
-0.0004807
-0.0014036
-0.0017632
-0.0005112
0.0004868
-0.0006589
-0.0015490
-0.0021912
-0.0020642
-0.0006377
-0.0014781
-0.0005875
-0.0008554
-0.0004719
0.0007372
0.0010052
0.0006675
0.0011908
0.0013943
0.0000760
-0.0012229
-0.0025054
-0.0038176
-0.0053323
-0.0048141
-0.0033480
-0.0014149
-0.0019579
-0.0022559
-0.0025977
-0.0007822
0.0010733
0.0015943
0.0010644
-0.0004426
-0.0004040
0.0001078
-0.0001834
0.0005561
0.0003478
0.0005348
-0.0009809
-0.0011258
-0.0000778
-0.0011114
-0.0012787
-0.0008242
-0.0001261
0.0005817
0.0021966
0.0018938
0.0028531
0.0007603
0.0000376
0.0006747
0.0011095
0.0016519
0.0019586
0.0015780
0.0018959
0.0016233
0.0001832
-0.0017685
-0.0030161
-0.0040279
-0.0041310
-0.0022428
-0.0011582
-0.0005410
-0.0011055
-0.0006058
0.0005374
0.0009561
0.0008869
-0.0006744
-0.0018952
-0.0016420
-0.0011573
-0.0013098
-0.0004225
-0.0031147
-0.0029172
-0.0018239
-0.0017290
-0.0004136
-0.0000039
0.0022509
0.0025118
0.0000220
-0.0001924
-0.0005680
-0.0003191
0.0007304
0.0012573
0.0024477
0.0031792
0.0033637
0.0023231
0.0028037
0.0026618
0.0039517
0.0023061
0.0009662
-0.0013919
-0.0013556
-0.0003540
0.0001397
0.0005784
0.0004960
0.0014019
-0.0004443
-0.0009471
-0.0012725
-0.0011098
0.0003810
-0.0009459
-0.0011854
0.0004761
0.0010326
-0.0001943
0.0009439
0.0007547
0.0027576
0.0043581
0.0044464
0.0031812
0.0030098
0.0034719
0.0020993
0.0011448
0.0022588
0.0025112
0.0024087
0.0009437
0.0004977
-0.0003289
0.0012446
0.0039678
0.0040074
0.0025567
0.0012770
0.0006500
0.0003711
0.0019911
0.0034408
0.0035036
0.0028588
0.0031311
0.0015955
0.0025875
0.0028770
0.0018180
0.0021335
0.0020334
0.0011560
0.0011569
0.0007026
0.0014520
0.0026574
0.0013329
0.0002352
0.0021879
0.0034195
0.0019957
0.0025115
0.0010036
0.0002830
0.0001335
0.0012020
0.0027567
0.0034030
0.0020687
-0.0007862
-0.0029294
-0.0037683
-0.0031234
-0.0035061
-0.0032090
-0.0023581
-0.0015187
0.0012516
0.0012690
0.0011008
0.0006147
0.0005355
0.0006174
0.0006856
0.0024098
0.0028696
0.0013125
0.0010710
0.0020928
0.0006069
-0.0010242
-0.0008672
-0.0003108
0.0006335
0.0015507
0.0020412
0.0031382
0.0019562
0.0018529
0.0013654
0.0012516
0.0021949
0.0021415
0.0019333
0.0020697
0.0021412
0.0014521
0.0005736
0.0004331
-0.0002230
-0.0007191
-0.0006271
-0.0014454
-0.0016715
-0.0019097
-0.0018117
-0.0018937
-0.0009899
-0.0018220
-0.0017104
0.0000233
-0.0007309
0.0004087
0.0013123
0.0015617
0.0006631
-0.0002598
-0.0012705
-0.0019934
-0.0029740
-0.0027163
-0.0002997
0.0003989
0.0015503
0.0022246
0.0027365
0.0018653
0.0022844
0.0007026
0.0000998
0.0006412
0.0026543
0.0021827
0.0009298
0.0005592
0.0007242
0.0016006
-0.0002898
0.0006918
0.0007277
0.0009407
0.0006224
-0.0000027
0.0000442
-0.0005686
-0.0008462
-0.0014883
-0.0001628
0.0003559
0.0002030
0.0011790
0.0031347
0.0034537
0.0038070
0.0035931
0.0031186
0.0030178
0.0034871
0.0026654
0.0030776
0.0011326
0.0011774
-0.0004059
0.0000295
-0.0012623
-0.0026120
-0.0028475
-0.0027707
-0.0021418
-0.0036965
-0.0034943
-0.0025530
-0.0023168
-0.0014028
-0.0019575
-0.0037916
-0.0040628
-0.0050583
-0.0048905
-0.0045656
-0.0031184
-0.0022209
-0.0026631
-0.0023723
-0.0022388
-0.0000083
0.0004874
0.0023546
0.0021239
0.0002464
-0.0004658
-0.0014055
-0.0010760
-0.0019992
-0.0020017
-0.0014822
-0.0013734
-0.0028148
-0.0036609
-0.0023936
-0.0016147
-0.0024300
-0.0013991
-0.0008237
-0.0018388
-0.0022803
-0.0020764
-0.0031553
-0.0043462
-0.0034783
-0.0029327
-0.0021058
-0.0019060
-0.0014435
-0.0023029
-0.0033588
-0.0037347
-0.0051332
-0.0053010
-0.0032544
-0.0021482
-0.0020559
-0.0015153
-0.0019082
-0.0024601
-0.0015087
0.0004602
-0.0001952
0.0000724
0.0000732
-0.0003843
-0.0015295
-0.0031987
-0.0036111
-0.0039464
-0.0038563
-0.0044028
-0.0039969
-0.0023691
-0.0021398
-0.0013018
-0.0018162
-0.0023351
-0.0019786
-0.0016385
-0.0023452
-0.0028215
-0.0043360
-0.0030600
-0.0017135
-0.0020788
-0.0027059
-0.0034831
-0.0049113
-0.0049950
-0.0044797
-0.0059045
-0.0059512
-0.0072240
-0.0080411
-0.0068388
-0.0057540
-0.0055800
-0.0061453
-0.0057170
-0.0043195
-0.0033151
-0.0012583
0.0017082
0.0021596
0.0030957
0.0023850
0.0007346
0.0010281
0.0007672
0.0016279
0.0013913
0.0008852
0.0007364
0.0015301
0.0024644
0.0028278
0.0032758
0.0011975
0.0004080
0.0003705
-0.0001292
-0.0003483
-0.0012735
-0.0019355
-0.0010929
-0.0007140
-0.0013879
-0.0023021
-0.0023554
-0.0013239
-0.0003499
-0.0011465
-0.0015744
-0.0017877
-0.0019156
-0.0023309
-0.0017031
-0.0006101
-0.0002070
0.0008897
0.0017110
0.0026225
0.0010051
0.0001130
-0.0011256
-0.0017766
0.0003538
0.0022466
0.0022064
0.0002033
0.0012897
0.0016893
0.0011219
0.0005159
-0.0012527
-0.0001691
-0.0004251
-0.0011895
-0.0014515
-0.0023469
-0.0028950
-0.0039531
-0.0031683
-0.0038961
-0.0023709
-0.0014455
-0.0010832
-0.0015978
-0.0005820
-0.0003791
-0.0018819
-0.0019138
-0.0031261
-0.0050064
-0.0059426
-0.0066486
-0.0037258
-0.0032789
-0.0026085
-0.0005068
-0.0006798
0.0005211
0.0011161
0.0020925
0.0011120
0.0027566
0.0027710
0.0022706
0.0016581
0.0021507
0.0004781
-0.0001322
0.0006059
0.0000820
-0.0001544
-0.0011616
-0.0014911
-0.0012757
0.0002496
0.0001524
0.0005645
0.0021729
0.0019384
0.0005957
-0.0001473
0.0009161
0.0013078
0.0014719
0.0009274
-0.0007008
-0.0002879
0.0003772
0.0014875
0.0025802
0.0022791
0.0025665
0.0018133
0.0010129
0.0008965
0.0009331
0.0017961
0.0018317
0.0009907
0.0004287
-0.0011643
-0.0006056
-0.0000031
-0.0000633
0.0000227
-0.0008676
0.0001078
0.0002930
-0.0007687
-0.0006007
-0.0012872
-0.0010947
-0.0008914
-0.0013891
-0.0015470
-0.0019614
-0.0008807
-0.0006952
-0.0001971
0.0012202
0.0038661
0.0035491
0.0004070
-0.0023090
-0.0020689
-0.0004613
0.0007740
0.0005584
-0.0002565
-0.0006788
-0.0000657
0.0004175
0.0007321
0.0019567
0.0006063
-0.0005148
-0.0012194
-0.0007365
0.0007921
0.0009668
0.0026516
0.0029284
0.0025794
0.0017319
-0.0002313
-0.0004738
-0.0009667
0.0007556
0.0022266
0.0024168
0.0027317
0.0026518
0.0021889
0.0026050
0.0018583
0.0025350
0.0006241
-0.0007353
0.0003543
0.0015006
0.0010969
-0.0002705
-0.0018371
-0.0018781
-0.0017567
-0.0015098
-0.0031781
-0.0030229
-0.0032688
-0.0013136
-0.0012545
-0.0013947
-0.0018932
-0.0019252
-0.0030066
-0.0025497
-0.0016289
-0.0000586
0.0002539
0.0003879
0.0011709
0.0019202
0.0019734
0.0015177
0.0020024
0.0019484
0.0014277
0.0006588
0.0002447
-0.0007715
0.0000322
-0.0005499
-0.0012989
-0.0033433
-0.0032015
-0.0039653
-0.0019638
-0.0017882
0.0002275
0.0017947
0.0019118
0.0021439
0.0002455
-0.0002397
0.0007049
0.0009033
0.0010692
0.0007376
0.0003687
-0.0005331
0.0009718
0.0019620
0.0029467
0.0022558
0.0018860
0.0022731
-0.0000391
-0.0014348
-0.0016437
-0.0022026
-0.0006122
-0.0004623
0.0014524
0.0007562
0.0003662
0.0010587
0.0032854
0.0047024
0.0050653
0.0060808
0.0068495
0.0059176
0.0046965
0.0037280
0.0032315
0.0023985
0.0012418
0.0000408
0.0006947
0.0005032
0.0003396
0.0000253
-0.0023409
-0.0026157
-0.0009237
-0.0003099
0.0010628
0.0021821
0.0038940
0.0045032
0.0042727
0.0035222
0.0020377
0.0008704
-0.0015119
-0.0017532
-0.0024209
0.0002049
0.0016707
0.0009575
0.0012626
0.0006443
0.0006624
0.0025596
0.0013158
-0.0002812
-0.0006627
0.0014860
0.0031990
0.0009181
0.0020507
0.0013204
0.0004995
-0.0002324
0.0003460
0.0018642
0.0015775
0.0018450
0.0034318
0.0034345
0.0028506
0.0018283
0.0024031
0.0035761
0.0018341
-0.0000774
0.0000315
0.0023628
0.0001269
-0.0007066
-0.0015324
-0.0015957
-0.0025900
-0.0017077
-0.0011828
-0.0008656
-0.0024704
-0.0026322
-0.0016477
-0.0002269
0.0024281
0.0026773
0.0031985
0.0044502
0.0047381
0.0029896
0.0013426
0.0012194
0.0009423
-0.0004105
-0.0006056
-0.0021936
-0.0022978
-0.0015909
-0.0008733
0.0000090
0.0007014
0.0010891
0.0019829
0.0020362
0.0027891
0.0016457
-0.0001421
-0.0010266
-0.0016778
-0.0010485
-0.0016475
-0.0015285
-0.0023121
-0.0018392
-0.0022477
0.0003081
0.0012930
0.0022283
0.0031093
0.0019884
0.0013602
0.0003728
0.0001820
-0.0009862
-0.0020492
-0.0018224
-0.0017272
-0.0007896
-0.0020535
-0.0009009
0.0000888
-0.0006470
-0.0007285
-0.0006545
-0.0008779
-0.0001415
0.0004235
0.0002438
0.0020672
0.0027625
0.0031370
0.0016313
0.0008887
0.0009627
0.0012583
0.0011296
-0.0002521
-0.0011358
-0.0014233
-0.0009932
-0.0001686
0.0016056
0.0021638
0.0024450
0.0034907
0.0038301
0.0040720
0.0028557
0.0014107
-0.0008647
-0.0011956
-0.0008961
-0.0007597
-0.0010674
-0.0010683
-0.0020683
-0.0018132
-0.0014322
-0.0004139
-0.0001589
0.0006276
-0.0000660
-0.0007919
-0.0012101
-0.0037199
-0.0037627
-0.0022065
-0.0023619
-0.0000104
0.0001928
-0.0012001
-0.0002575
-0.0001746
0.0015393
0.0020391
0.0021530
0.0018952
0.0020768
0.0017402
0.0011929
-0.0010853
-0.0019865
-0.0037051
-0.0033138
-0.0021051
0.0003296
0.0020272
0.0021794
0.0026322
0.0026783
0.0004416
-0.0007408
-0.0000382
0.0011858
-0.0009700
-0.0006753
-0.0018502
-0.0010576
-0.0006909
-0.0023002
-0.0030247
-0.0030625
-0.0023408
-0.0032894
-0.0050162
-0.0050235
-0.0038785
-0.0040291
-0.0031604
-0.0016901
-0.0010259
0.0000373
-0.0001427
-0.0008993
0.0000619
-0.0005760
-0.0010491
-0.0023343
-0.0025026
-0.0025985
-0.0042621
-0.0039400
-0.0037442
-0.0032889
-0.0028051
-0.0036788
-0.0038865
-0.0026559
-0.0020140
-0.0003594
-0.0006375
-0.0007505
0.0000622
-0.0017477
-0.0014842
0.0001140
0.0000395
-0.0010487
-0.0008960
-0.0001164
0.0003787
0.0008016
0.0004032
0.0002806
0.0010022
0.0021815
0.0042178
0.0010966
0.0000932
0.0001499
-0.0001274
-0.0018056
-0.0021846
-0.0020084
-0.0020929
-0.0012109
-0.0023781
-0.0022048
-0.0005714
-0.0006026
-0.0010372
-0.0006287
-0.0018789
-0.0018202
-0.0027536
-0.0025347
-0.0038598
-0.0042253
-0.0042559
-0.0043717
-0.0030601
-0.0036665
-0.0026810
-0.0040341
-0.0021462
-0.0022650
-0.0033951
-0.0042523
-0.0029474
-0.0019586
-0.0031633
-0.0033941
-0.0028211
-0.0017220
-0.0014998
-0.0020105
-0.0027539
-0.0018290
-0.0010421
0.0004045
0.0000341
0.0011398
0.0010510
0.0020775
0.0024771
0.0009045
-0.0001555
0.0000978
0.0003406
0.0017881
0.0021520
0.0022939
0.0027862
0.0016523
0.0002793
0.0007567
0.0004832
0.0001813
-0.0004183
-0.0013668
-0.0023699
-0.0038231
-0.0041350
-0.0043421
-0.0013544
-0.0009466
-0.0013581
-0.0016989
-0.0020536
-0.0019801
-0.0020522
-0.0008120
-0.0000298
0.0016779
0.0034549
0.0033135
0.0012846
0.0028711
0.0036778
0.0037039
0.0034744
0.0040395
0.0026238
0.0014988
0.0023509
0.0028553
0.0046906
0.0058181
0.0051351
0.0029684
0.0003711
-0.0010134
-0.0004899
-0.0013948
-0.0010005
-0.0009646
-0.0006336
0.0001132
0.0003510
-0.0000513
-0.0018005
0.0001995
0.0004592
0.0015812
0.0012889
0.0001511
0.0009607
0.0011744
0.0008800
0.0002153
0.0005805
0.0012484
0.0006175
-0.0001074
-0.0000448
0.0001478
-0.0004247
0.0007463
0.0009640
0.0000141
-0.0012377
-0.0031203
-0.0032839
-0.0017024
0.0002217
-0.0003063
-0.0029614
-0.0029923
-0.0033472
-0.0021689
-0.0015873
-0.0011929
-0.0004302
0.0007572
0.0018395
0.0011820
0.0015795
0.0015909
0.0011862
-0.0001360
0.0001872
-0.0004716
-0.0016990
-0.0022210
-0.0029419
-0.0041803
-0.0046929
-0.0046734
-0.0041043
-0.0024086
-0.0015837
-0.0006590
-0.0005507
-0.0000971
-0.0015122
-0.0007198
-0.0000027
0.0014284
0.0022012
0.0025551
0.0025754
0.0012803
0.0015256
0.0010988
-0.0001054
0.0003327
-0.0004124
-0.0013398
-0.0009473
-0.0010290
-0.0001718
0.0003841
0.0015643
0.0026319
0.0026320
0.0021420
0.0005409
0.0010416
0.0022816
0.0022523
0.0033018
0.0038730
0.0040029
0.0029359
0.0013878
0.0010372
0.0002604
-0.0005400
-0.0031919
-0.0048617
-0.0058382
-0.0052951
-0.0042620
-0.0031291
-0.0026953
-0.0022463
-0.0020130
-0.0000388
0.0011635
0.0016227
0.0014985
-0.0007082
0.0005887
0.0002111
0.0009028
0.0006909
0.0007371
0.0007915
0.0008666
0.0009407
0.0000608
0.0003168
0.0004528
0.0022680
0.0027018
0.0021313
0.0013264
-0.0000143
0.0005519
0.0016751
0.0014656
0.0024268
0.0028977
0.0027333
0.0026830
0.0027577
0.0033050
0.0037358
0.0024898
0.0036246
0.0050297
0.0042185
0.0034091
0.0040695
0.0012393
0.0001125
-0.0002319
0.0000072
-0.0002690
-0.0019675
-0.0028118
-0.0026167
-0.0008235
0.0005137
0.0020116
0.0017182
0.0014481
0.0015316
0.0006280
-0.0003794
0.0001636
-0.0009896
-0.0018527
-0.0010763
-0.0020196
-0.0016155
-0.0016714
-0.0012586
-0.0019731
-0.0018497
-0.0021346
-0.0010289
-0.0000925
0.0010334
0.0011722
0.0018799
0.0020003
0.0013035
0.0001358
0.0000217
-0.0006878
-0.0013379
-0.0009670
-0.0000227
0.0006536
0.0010454
0.0001104
0.0001265
0.0010631
0.0008945
0.0010331
0.0007025
0.0009495
0.0024827
0.0027372
0.0030743
0.0031448
0.0019538
0.0017069
0.0003577
0.0002630
-0.0018312
-0.0013642
-0.0011423
0.0000631
0.0004953
0.0014743
0.0007002
0.0018851
0.0030866
0.0028741
0.0022149
0.0017099
0.0019011
0.0017322
0.0010775
0.0020192
0.0027900
0.0014544
-0.0002104
-0.0003658
0.0002810
0.0008742
0.0011912
0.0007507
0.0008047
0.0017528
0.0006844
0.0016130
0.0015797
0.0011915
0.0005458
-0.0004612
0.0006058
0.0006842
-0.0003981
-0.0004621
-0.0006401
-0.0004196
-0.0016607
-0.0009309
0.0009344
0.0006395
0.0001003
-0.0001856
0.0004733
0.0009719
0.0020272
0.0008491
0.0006846
0.0011698
0.0006971
-0.0006138
-0.0018389
-0.0024373
-0.0021501
-0.0026219
-0.0035826
-0.0029732
-0.0033202
-0.0020364
-0.0013215
-0.0010003
-0.0004354
-0.0021620
-0.0019582
-0.0025967
-0.0012808
0.0000021
-0.0002557
-0.0005341
-0.0011199
0.0002269
0.0011125
0.0012904
-0.0012381
-0.0013966
-0.0007581
0.0003904
0.0008832
0.0015686
0.0020514
0.0018557
0.0017757
0.0004305
-0.0006404
-0.0009143
-0.0012234
-0.0004734
0.0010507
0.0021237
0.0027911
0.0019656
0.0016307
0.0017140
0.0017896
0.0025940
0.0024090
0.0031179
0.0034122
0.0035093
0.0010256
0.0011601
0.0019969
0.0010283
-0.0009217
-0.0020904
-0.0006119
-0.0019661
-0.0028705
-0.0019886
-0.0027473
-0.0035499
-0.0023532
-0.0014831
-0.0016079
-0.0005749
-0.0005982
-0.0015093
-0.0019147
-0.0018151
-0.0019843
-0.0012440
-0.0018836
-0.0006430
0.0003850
0.0017524
0.0019556
0.0023882
0.0032559
0.0031021
0.0024208
0.0016354
0.0010808
0.0019240
0.0018818
0.0022752
0.0025721
0.0015897
0.0001301
0.0005013
0.0005099
0.0013812
0.0008717
-0.0011790
-0.0013519
-0.0013139
-0.0013993
-0.0004066
-0.0016402
-0.0027393
-0.0031319
-0.0024941
-0.0018477
-0.0013269
-0.0017409
-0.0017650
-0.0018897
-0.0028933
-0.0014096
0.0003995
0.0004483
-0.0005963
-0.0004899
-0.0009296
-0.0001990
0.0010149
0.0006049
0.0014534
0.0019685
0.0009269
0.0017072
0.0006154
0.0003273
0.0001738
0.0018061
0.0008995
0.0009245
0.0022184
0.0033816
0.0040636
0.0032632
0.0034320
0.0027280
0.0017338
0.0011259
0.0004598
0.0003457
-0.0016042
-0.0018665
-0.0025177
-0.0041351
-0.0053012
-0.0046633
-0.0020692
-0.0020893
-0.0017553
-0.0001679
0.0007240
0.0015299
0.0006707
-0.0008621
-0.0023362
-0.0035757
-0.0010705
-0.0001158
0.0007973
0.0008360
0.0012857
0.0007428
0.0004866
-0.0013898
-0.0012108
0.0014149
0.0032198
0.0038878
0.0030657
-0.0008707
-0.0016189
-0.0026022
-0.0007887
0.0006286
0.0000502
-0.0003894
0.0006953
0.0026294
0.0021344
0.0027935
0.0034215
0.0019999
0.0016995
0.0017165
0.0033309
0.0053874
0.0058431
0.0037322
0.0032780
0.0021150
-0.0000776
-0.0003026
0.0010151
0.0001691
-0.0001673
-0.0001100
0.0006459
0.0010432
0.0005057
0.0010826
0.0019089
0.0009019
0.0003182
0.0000096
-0.0010902
-0.0027101
-0.0022647
-0.0026553
-0.0011603
-0.0009784
-0.0016836
-0.0006443
-0.0003177
0.0000761
0.0011477
0.0005297
0.0012834
0.0010455
0.0006575
0.0001585
-0.0009316
-0.0008865
-0.0009667
-0.0020284
-0.0015117
-0.0000653
-0.0002775
0.0002486
0.0012397
0.0013654
0.0002300
-0.0007020
-0.0003419
-0.0022026
-0.0035206
-0.0018497
-0.0003048
-0.0005962
0.0015791
0.0006222
-0.0011632
-0.0039479
-0.0043787
-0.0038625
-0.0022857
-0.0018662
-0.0025509
-0.0035532
-0.0029339
-0.0027487
-0.0019313
-0.0015303
-0.0005361
0.0006968
0.0009696
-0.0004176
-0.0002804
0.0012471
0.0015263
0.0001039
0.0008042
0.0007672
0.0009602
0.0025119
0.0047348
0.0046024
0.0052173
0.0048544
0.0047943
0.0054470
0.0055113
0.0053990
0.0041313
0.0043007
0.0028660
0.0019465
0.0022956
0.0037230
0.0022672
0.0014931
0.0001384
0.0014835
0.0014859
0.0003405
-0.0017878
-0.0000070
0.0015533
0.0015060
0.0011117
0.0010612
0.0001612
-0.0001320
0.0009791
0.0026415
0.0030743
0.0030203
0.0040429
0.0043604
0.0037442
0.0022109
-0.0001557
0.0008913
-0.0003405
-0.0003954
-0.0008749
-0.0003893
0.0003631
0.0010609
0.0018870
-0.0001420
-0.0023793
-0.0014755
-0.0010767
-0.0015788
-0.0026310
-0.0023410
-0.0017849
-0.0001836
0.0008858
0.0020514
0.0023280
0.0039488
0.0049533
0.0060195
0.0057972
0.0044360
0.0027356
0.0013510
0.0011013
-0.0000810
-0.0011852
-0.0008653
-0.0015319
0.0005878
0.0024317
0.0015203
0.0016341
0.0005885
0.0004809
0.0006047
0.0011653
0.0019317
0.0017766
0.0013595
0.0022290
0.0020135
0.0011825
0.0009610
0.0011457
0.0016969
0.0014775
0.0002988
-0.0008619
0.0003782
0.0011161
0.0008091
-0.0013944
-0.0018777
-0.0019061
-0.0005714
0.0022124
0.0033201
0.0031318
0.0033081
0.0026431
0.0018581
-0.0003237
-0.0011282
-0.0021423
-0.0026978
-0.0018548
-0.0019576
0.0002364
0.0007747
0.0008344
0.0007989
0.0014181
0.0031387
0.0038015
0.0031197
0.0025282
0.0015216
0.0020601
0.0006306
0.0006492
0.0009022
0.0005502
0.0006252
-0.0006608
-0.0015654
-0.0000893
-0.0003777
-0.0025222
-0.0022062
-0.0010917
-0.0012680
-0.0023442
-0.0012310
-0.0013584
-0.0017358
-0.0020451
-0.0024020
-0.0012643
-0.0005412
-0.0001445
-0.0004543
0.0002674
0.0023909
0.0018674
0.0018702
0.0022456
0.0032720
0.0036151
0.0043731
0.0043087
0.0025776
0.0018834
0.0019752
0.0020996
0.0026874
0.0022453
0.0029062
0.0036879
0.0036298
0.0031658
0.0019492
0.0006338
0.0014213
0.0013128
-0.0002301
0.0001465
-0.0020744
-0.0019923
-0.0010535
0.0006155
0.0010426
0.0033471
0.0028392
0.0025907
0.0027212
0.0025141
0.0022711
0.0011586
0.0003111
0.0005353
0.0006514
-0.0004216
-0.0006214
-0.0005589
0.0010501
0.0016802
0.0015927
0.0011437
-0.0002423
-0.0015141
-0.0008010
-0.0013629
-0.0025608
-0.0040697
-0.0034144
-0.0045354
-0.0035894
-0.0030169
-0.0023060
-0.0031236
-0.0027709
-0.0026729
-0.0017317
-0.0008192
-0.0012515
-0.0001985
0.0005257
0.0010707
0.0000968
-0.0022342
-0.0023211
-0.0021476
-0.0025384
-0.0026999
-0.0043955
-0.0035594
-0.0027120
-0.0014343
-0.0010124
-0.0012008
-0.0015177
-0.0000093
0.0009329
0.0020086
0.0015410
0.0004024
-0.0004354
-0.0011837
-0.0017587
-0.0018288
-0.0020155
-0.0014887
-0.0017662
-0.0020765
-0.0027121
-0.0025895
-0.0024668
-0.0016389
-0.0021784
-0.0019362
-0.0020048
-0.0008201
0.0002807
0.0010784
0.0008754
0.0018080
0.0014788
0.0001517
0.0011850
0.0003429
-0.0001727
-0.0005062
-0.0013450
-0.0005217
-0.0012895
0.0000244
0.0007626
0.0013311
0.0014162
0.0004045
0.0001898
-0.0008910
-0.0028489
-0.0042555
-0.0018576
-0.0010174
-0.0004635
0.0000010
-0.0003214
0.0000364
-0.0004330
-0.0005354
-0.0014455
-0.0015863
-0.0005230
0.0010788
0.0008297
0.0006450
-0.0004159
-0.0002318
0.0003088
0.0008408
-0.0006532
-0.0019014
-0.0025988
-0.0027129
-0.0037244
-0.0030255
-0.0008162
-0.0002304
-0.0000242
-0.0021151
-0.0028356
-0.0023316
-0.0023920
-0.0021007
-0.0024819
-0.0028867
-0.0035644
-0.0034220
-0.0037767
-0.0009262
0.0000895
-0.0015938
-0.0045824
-0.0047702
-0.0039136
-0.0040853
-0.0022997
-0.0013260
-0.0005824
-0.0003815
0.0015725
0.0031679
0.0046679
0.0039545
0.0027558
0.0018528
0.0021263
0.0010246
0.0003891
0.0003658
-0.0009914
-0.0013445
-0.0012105
-0.0001584
-0.0004782
-0.0004515
-0.0016734
-0.0020236
-0.0029881
-0.0029238
-0.0010965
-0.0000411
0.0010851
0.0006502
0.0021470
0.0014327
0.0018287
0.0003511
0.0000933
-0.0010375
-0.0006431
0.0001071
0.0016880
0.0009240
-0.0002731
0.0014417
0.0017683
0.0029666
0.0026736
0.0032064
0.0035501
0.0039169
0.0027456
0.0013422
-0.0001484
0.0001200
0.0012677
0.0016761
0.0014421
0.0024558
0.0030600
0.0013789
0.0012764
0.0013701
0.0014795
0.0015379
0.0018118
0.0010912
0.0018822
0.0012004
0.0003380
0.0006032
-0.0000025
0.0009192
0.0007247
0.0000605
-0.0013324
-0.0004042
-0.0013430
-0.0012334
-0.0016831
-0.0030008
-0.0021564
-0.0027082
-0.0008485
0.0001852
0.0019127
0.0022228
0.0018269
0.0010260
0.0008353
0.0016131
0.0027316
0.0035871
0.0032987
0.0034843
0.0014092
0.0020191
0.0009650
0.0005031
0.0000128
0.0006556
-0.0002756
-0.0004607
0.0007058
-0.0002144
-0.0008206
-0.0014036
-0.0018510
-0.0017083
-0.0020647
-0.0027132
-0.0020372
-0.0003073
0.0004351
0.0008763
0.0019397
0.0015384
0.0010437
0.0014402
0.0025628
0.0035125
0.0024607
0.0016357
0.0013870
0.0016492
0.0008989
0.0009514
0.0005786
0.0016340
0.0026705
0.0033380
0.0051438
0.0058424
0.0047877
0.0038492
0.0048302
0.0029459
0.0017599
0.0003714
0.0001897
0.0003173
-0.0014004
-0.0004249
-0.0008579
-0.0012696
-0.0023411
-0.0021296
-0.0008555
-0.0011202
-0.0001313
0.0002069
-0.0000755
-0.0013226
-0.0023252
-0.0023572
-0.0022411
-0.0018311
-0.0014207
-0.0005297
-0.0000360
-0.0003249
-0.0009579
0.0001438
0.0005738
0.0003897
-0.0005568
-0.0017261
-0.0014485
-0.0008147
0.0000428
-0.0008987
-0.0014095
-0.0019835
-0.0036638
-0.0029744
-0.0018905
-0.0019428
-0.0003806
0.0017409
0.0025755
0.0017632
0.0014108
-0.0003999
0.0002482
-0.0001054
-0.0004694
-0.0014188
-0.0000626
-0.0001656
-0.0012526
0.0000906
-0.0002629
0.0012890
0.0031953
0.0040047
0.0017651
0.0013244
-0.0007023
0.0002310
0.0003107
0.0002045
0.0008635
-0.0004574
-0.0009643
0.0008178
0.0006876
-0.0008504
-0.0017087
-0.0020480
-0.0028953
-0.0036955
-0.0039476
-0.0015914
-0.0009849
-0.0009568
-0.0003439
-0.0002384
0.0008184
0.0014548
0.0010076
0.0026601
0.0028811
0.0021904
