1.0000000
0.8300622
0.7085546
0.6195052
0.5521677
0.4981266
0.4545323
0.4188905
0.3889456
0.3632770
0.3413355
0.3223056
0.3061961
0.2923554
0.2798572
0.2690042
0.2593663
0.2503905
0.2414985
0.2333528
0.2266090
0.2200667
0.2144648
0.2078212
0.2015022
0.1955520
0.1902297
0.1854501
0.1815659
0.1781360
0.1746602
0.1707101
0.1664936
0.1625621
0.1592966
0.1556051
0.1515290
0.1486976
0.1461202
0.1442026
0.1421561
0.1403523
0.1379871
0.1340008
0.1315541
0.1292769
0.1274838
0.1257257
0.1231106
0.1203685
0.1174232
0.1149461
0.1117991
0.1089387
0.1071523
0.1050517
0.1036469
0.1031367
0.1024736
0.1023470
0.1009604
0.0999217
0.0989014
0.0977407
0.0960797
0.0944142
0.0930287
0.0915850
0.0895273
0.0877677
0.0868641
0.0865838
0.0849787
0.0834782
0.0817292
0.0805972
0.0791509
0.0783495
0.0778457
0.0767922
0.0752642
0.0736349
0.0721074
0.0709973
0.0696005
0.0680235
0.0669572
0.0657208
0.0647075
0.0633107
0.0619099
0.0603751
0.0586399
0.0579436
0.0578207
0.0574253
0.0566488
0.0558414
0.0551709
0.0548723
0.0543868
0.0534257
0.0533034
0.0531735
0.0523621
0.0517207
0.0512435
0.0506259
0.0497423
0.0489489
0.0481963
0.0474060
0.0470055
0.0467954
0.0458574
0.0446566
0.0442689
0.0447037
0.0441758
0.0440036
0.0434569
0.0427937
0.0414603
0.0407203
0.0396329
0.0384398
0.0371667
0.0364682
0.0360460
0.0352262
0.0350199
0.0355295
0.0356765
0.0350599
0.0345225
0.0341362
0.0341823
0.0337021
0.0331132
0.0319067
0.0315134
0.0309473
0.0304870
0.0301083
0.0299255
0.0295553
0.0294579
0.0285314
0.0279752
0.0268576
0.0263386
0.0257456
0.0248044
0.0236544
0.0233904
0.0230320
0.0228738
0.0224566
0.0216169
0.0210379
0.0207541
0.0215864
0.0223218
0.0224387
0.0228395
0.0228919
0.0226405
0.0220001
0.0213689
0.0208532
0.0203582
0.0200600
0.0201479
0.0202193
0.0197041
0.0193234
0.0192742
0.0200898
0.0205297
0.0209198
0.0213859
0.0214414
0.0206167
0.0202275
0.0189867
0.0176304
0.0170706
0.0166735
0.0172529
0.0175139
0.0175583
0.0171597
0.0167519
0.0166625
0.0170466
0.0171115
0.0162766
0.0156644
0.0160266
0.0163361
0.0163682
0.0159608
0.0150749
0.0140568
0.0142010
0.0144428
0.0150765
0.0154952
0.0155182
0.0159586
0.0158973
0.0166004
0.0171412
0.0172108
0.0173309
0.0172484
0.0161992
0.0157606
0.0152385
0.0149831
0.0145584
0.0151796
0.0149507
0.0143936
0.0130933
0.0123211
0.0116324
0.0108392
0.0105168
0.0098300
0.0101610
0.0104531
0.0103838
0.0107133
0.0103695
0.0101188
0.0102859
0.0102558
0.0096657
0.0089937
0.0088954
0.0088362
0.0087536
0.0086248
0.0081201
0.0079687
0.0069657
0.0065501
0.0062331
0.0062809
0.0066715
0.0071235
0.0078418
0.0080176
0.0075558
0.0073765
0.0074537
0.0071487
0.0064017
0.0054420
0.0051911
0.0045140
0.0043314
0.0045207
0.0037266
0.0030144
0.0027686
0.0025446
0.0022544
0.0022357
0.0017775
0.0013859
0.0013247
0.0014260
0.0016737
0.0016715
0.0015922
0.0014395
0.0018898
0.0023166
0.0020741
0.0024016
0.0026602
0.0022610
0.0012590
0.0010483
0.0012424
0.0014347
0.0004678
0.0006954
0.0008552
0.0007406
0.0016034
0.0018472
0.0019341
0.0022898
0.0029695
0.0036615
0.0046398
0.0057181
0.0061980
0.0064365
0.0062293
0.0067440
0.0070882
0.0069044
0.0055475
0.0038607
0.0020497
0.0009743
-0.0005105
-0.0020315
-0.0023839
-0.0023107
-0.0018199
-0.0016358
-0.0019038
-0.0023587
-0.0028478
-0.0031460
-0.0029285
-0.0020696
-0.0013303
0.0001973
0.0018485
0.0023905
0.0029682
0.0035305
0.0033311
0.0029329
0.0029724
0.0029932
0.0032143
0.0043745
0.0045179
0.0040689
0.0034399
0.0032130
0.0023676
0.0018473
0.0021372
0.0024210
0.0030913
0.0033342
0.0030531
0.0031017
0.0037935
0.0042455
0.0048440
0.0055695
0.0059350
0.0069862
0.0076296
0.0077943
0.0078079
0.0076262
0.0069622
0.0067347
0.0065334
0.0054487
0.0051119
0.0047770
0.0038491
0.0036810
0.0035136
0.0032621
0.0026842
0.0020132
0.0013364
0.0008036
0.0005668
0.0003856
0.0011210
0.0018884
0.0019347
0.0019340
0.0018396
0.0021240
0.0026809
0.0032695
0.0039977
0.0044110
0.0044955
0.0041315
0.0036388
0.0030962
0.0025245
0.0023269
0.0022024
0.0022375
0.0025231
0.0025849
0.0028426
0.0026477
0.0025111
0.0019741
0.0017379
0.0017381
0.0027194
0.0036058
0.0040625
0.0044031
0.0045405
0.0041120
0.0038880
0.0047593
0.0049067
0.0056871
0.0065915
0.0072293
0.0072059
0.0076007
0.0072233
0.0067312
0.0063600
0.0057300
0.0057876
0.0053358
0.0046663
0.0044746
0.0052380
0.0057512
0.0061815
0.0067169
0.0068898
0.0065686
0.0066883
0.0061465
0.0054464
0.0047319
0.0043262
0.0045602
0.0047503
0.0049374
0.0049593
0.0047369
0.0037565
0.0036434
0.0033608
0.0035752
0.0042346
0.0044228
0.0048038
0.0050497
0.0048537
0.0045817
0.0047041
0.0051897
0.0051885
0.0060686
0.0062591
0.0059023
0.0058224
0.0062923
0.0060834
0.0063716
0.0065802
0.0067922
0.0073812
0.0067334
0.0049365
0.0039073
0.0039249
0.0034941
0.0033475
0.0021732
0.0011470
0.0007547
0.0003638
0.0000703
-0.0006411
-0.0012891
-0.0009194
-0.0001994
0.0000621
-0.0003198
-0.0004458
-0.0006794
-0.0009192
-0.0020099
-0.0023691
-0.0032262
-0.0034229
-0.0032656
-0.0029364
-0.0027937
-0.0021047
-0.0026504
-0.0030101
-0.0031991
-0.0029518
-0.0041779
-0.0044616
-0.0040536
-0.0043436
-0.0047832
-0.0049607
-0.0054904
-0.0062089
-0.0066562
-0.0069489
-0.0070822
-0.0072564
-0.0079038
-0.0081133
-0.0095780
-0.0096125
-0.0097913
-0.0096737
-0.0091549
-0.0083041
-0.0070462
-0.0065290
-0.0067702
-0.0076839
-0.0090462
-0.0098061
-0.0100767
-0.0105327
-0.0107051
-0.0105630
-0.0100585
-0.0101877
-0.0106142
-0.0101408
-0.0102036
-0.0101512
-0.0092657
-0.0089050
-0.0090641
-0.0084298
-0.0077225
-0.0071734
-0.0064393
-0.0052669
-0.0045962
-0.0037411
-0.0038142
-0.0039656
-0.0036899
-0.0039054
-0.0029943
-0.0018834
-0.0016227
-0.0019441
-0.0026101
-0.0025990
-0.0034021
-0.0029740
-0.0027441
-0.0022360
-0.0022974
-0.0018020
-0.0016427
-0.0019098
-0.0018007
-0.0010156
-0.0010293
-0.0004962
-0.0005902
-0.0009695
-0.0015175
-0.0020777
-0.0021594
-0.0017875
-0.0013109
-0.0013469
-0.0012046
-0.0010060
-0.0005087
0.0002846
0.0001156
-0.0002752
-0.0000328
0.0002653
0.0006969
-0.0000134
-0.0007172
-0.0011948
-0.0014156
-0.0020096
-0.0021502
-0.0018720
-0.0011434
-0.0004663
0.0001026
0.0000494
0.0006795
0.0013786
0.0017813
0.0025626
0.0028916
0.0027901
0.0027590
0.0025852
0.0018624
0.0005256
-0.0000371
0.0003039
0.0009472
0.0010292
0.0008753
0.0009617
0.0011170
0.0013294
0.0007526
0.0008431
0.0003242
-0.0003166
-0.0012408
-0.0014628
-0.0007426
-0.0005605
-0.0002607
0.0006340
0.0011913
0.0015649
0.0014526
0.0009405
0.0007888
0.0003278
0.0004628
0.0001752
-0.0004636
-0.0017127
-0.0020751
-0.0023215
-0.0016685
-0.0015637
-0.0014562
-0.0014553
-0.0018880
-0.0019828
-0.0014274
-0.0013545
-0.0015867
-0.0024236
-0.0035475
-0.0042178
-0.0045982
-0.0057612
-0.0065413
-0.0063774
-0.0068605
-0.0064043
-0.0062470
-0.0062570
-0.0058309
-0.0054248
-0.0046878
-0.0044338
-0.0038205
-0.0030609
-0.0021981
-0.0017200
-0.0010060
0.0002716
0.0012373
0.0023409
0.0031334
0.0033422
0.0030119
0.0038182
0.0041936
0.0047873
0.0049048
0.0046079
0.0031613
0.0021258
0.0010785
0.0002093
-0.0008740
-0.0016831
-0.0020459
-0.0023535
-0.0025386
-0.0037971
-0.0032714
-0.0025971
-0.0008904
-0.0001025
-0.0002426
-0.0007332
-0.0021716
-0.0031968
-0.0035791
-0.0032833
-0.0034490
-0.0038307
-0.0044683
-0.0046058
-0.0051695
-0.0045690
-0.0047114
-0.0048594
-0.0052294
-0.0049902
-0.0050704
-0.0050674
-0.0057627
-0.0060730
-0.0062476
-0.0058874
-0.0052918
-0.0054103
-0.0055167
-0.0051012
-0.0051434
-0.0046508
-0.0042367
-0.0037485
-0.0023956
-0.0008904
0.0005397
0.0012277
0.0014184
0.0016885
0.0012353
0.0011159
0.0006179
0.0007074
0.0003591
-0.0005556
-0.0013715
-0.0016895
-0.0028666
-0.0033653
-0.0032543
-0.0024229
-0.0021239
-0.0014572
-0.0006784
-0.0007314
-0.0006268
-0.0010015
-0.0013434
-0.0013713
-0.0016983
-0.0018701
-0.0018972
-0.0012031
0.0002246
0.0014020
0.0015957
0.0017936
0.0020566
0.0022345
0.0023965
0.0033435
0.0043783
0.0050894
0.0064536
0.0070902
0.0067531
0.0063684
0.0070406
0.0071571
0.0065791
0.0057064
0.0057096
0.0053171
0.0045094
0.0042660
0.0041818
0.0048085
0.0047421
0.0048178
0.0044666
0.0046354
0.0038604
0.0037126
0.0031922
0.0027260
0.0018628
0.0009551
0.0001373
-0.0000309
-0.0003419
-0.0000829
0.0001939
0.0000368
0.0003213
0.0005294
0.0006050
0.0002051
-0.0001477
-0.0004968
-0.0012793
-0.0017649
-0.0021355
-0.0020863
-0.0020428
-0.0016201
-0.0012622
-0.0014715
-0.0014094
-0.0013768
-0.0011626
-0.0006337
0.0005005
0.0007090
0.0004687
0.0003603
0.0011763
0.0004903
0.0001419
0.0003592
0.0004311
0.0000890
-0.0001774
-0.0004115
-0.0014745
-0.0020246
-0.0018136
-0.0017584
-0.0013637
-0.0006686
-0.0003149
-0.0002491
-0.0003909
-0.0007138
-0.0011801
-0.0012145
-0.0012983
-0.0021198
-0.0022061
-0.0010587
0.0001265
0.0002377
-0.0006349
-0.0011848
-0.0023676
-0.0026391
-0.0029305
-0.0029234
-0.0033648
-0.0048791
-0.0055128
-0.0052217
-0.0052345
-0.0055372
-0.0058763
-0.0062675
-0.0068994
-0.0068997
-0.0065210
-0.0059282
-0.0055473
-0.0052512
-0.0047483
-0.0041015
-0.0037908
-0.0036186
-0.0029486
-0.0023291
-0.0021874
-0.0017759
-0.0021560
-0.0018505
-0.0021305
-0.0029423
-0.0033883
-0.0038459
-0.0038608
-0.0037330
-0.0031225
-0.0030097
-0.0024664
-0.0028391
-0.0029315
-0.0027182
-0.0027065
-0.0033045
-0.0042182
-0.0047400
-0.0062152
-0.0063704
-0.0068509
-0.0068825
-0.0065732
-0.0066238
-0.0070959
-0.0071678
-0.0066153
-0.0064740
-0.0059844
-0.0046070
-0.0046189
-0.0048224
-0.0053780
-0.0055684
-0.0057774
-0.0062835
-0.0071988
-0.0077437
-0.0085799
-0.0090677
-0.0091062
-0.0093357
-0.0093329
-0.0086451
-0.0084666
-0.0082149
-0.0075564
-0.0071270
-0.0066497
-0.0063528
-0.0060884
-0.0046938
-0.0036797
-0.0034223
-0.0033177
-0.0030064
-0.0028817
-0.0021791
-0.0021129
-0.0027544
-0.0039856
-0.0049913
-0.0049745
-0.0051196
-0.0053702
-0.0058843
-0.0060814
-0.0068353
-0.0083522
-0.0087462
-0.0085564
-0.0079161
-0.0077542
-0.0075240
-0.0070852
-0.0072641
-0.0064897
-0.0059705
-0.0055630
-0.0056534
-0.0055255
-0.0054474
-0.0052188
-0.0053252
-0.0057045
-0.0055007
-0.0046174
-0.0041970
-0.0037262
-0.0032680
-0.0034743
-0.0028473
-0.0027363
-0.0029942
-0.0032515
-0.0034162
-0.0027120
-0.0021266
-0.0016616
-0.0011919
-0.0002178
0.0011847
0.0017011
0.0019675
0.0011967
0.0003366
0.0000888
-0.0006744
-0.0009373
-0.0007688
-0.0012540
-0.0019615
-0.0023917
-0.0025771
-0.0029904
-0.0023833
-0.0014451
-0.0011977
-0.0013886
-0.0018780
-0.0018057
-0.0024153
-0.0026263
-0.0026552
-0.0024837
-0.0020943
-0.0017199
-0.0010235
-0.0006056
-0.0009567
-0.0016788
-0.0026421
-0.0029080
-0.0030554
-0.0029779
-0.0021484
-0.0015879
-0.0017687
-0.0018521
-0.0023389
-0.0024931
-0.0018840
-0.0011987
-0.0005434
-0.0002994
-0.0008663
-0.0015316
-0.0014866
-0.0014595
-0.0011535
-0.0009356
-0.0002106
0.0006997
0.0009775
0.0006639
0.0005470
0.0001697
0.0001116
0.0006507
0.0017170
0.0020348
0.0018159
0.0008487
0.0003456
0.0008514
0.0004712
-0.0001463
-0.0001546
-0.0005399
-0.0008097
-0.0008990
-0.0008038
-0.0001583
0.0007469
0.0016693
0.0023116
0.0027899
0.0030522
0.0032721
0.0034694
0.0038433
0.0038023
0.0037894
0.0046434
0.0052099
0.0053021
0.0053232
0.0047842
0.0044918
0.0041674
0.0042127
0.0042794
0.0041202
0.0045236
0.0044881
0.0043130
0.0051209
0.0054831
0.0056306
0.0053500
0.0050594
0.0046248
0.0044261
0.0044851
0.0049768
0.0063314
0.0076426
0.0085474
0.0087849
0.0090567
0.0100252
0.0108177
0.0117974
0.0124381
0.0119905
0.0116155
0.0118078
0.0124749
0.0128607
0.0128624
0.0133615
0.0139760
0.0147555
0.0149746
0.0153144
0.0156879
0.0156310
0.0154434
0.0152398
0.0152651
0.0156146
0.0152548
0.0157886
0.0155808
0.0156642
0.0158951
0.0153969
0.0148276
0.0146734
0.0141865
0.0134648
0.0130726
0.0128199
0.0121778
0.0110057
0.0099059
0.0100667
0.0099480
0.0093976
0.0089883
0.0079427
0.0079826
0.0076636
0.0079942
0.0077207
0.0073346
0.0069464
0.0073768
0.0074271
0.0076631
0.0082915
0.0079412
0.0080621
0.0081645
0.0089692
0.0096327
0.0094130
0.0094143
0.0093819
0.0085916
0.0085839
0.0077886
0.0069929
0.0066201
0.0071314
0.0076673
0.0070758
0.0062531
0.0057939
0.0057440
0.0061027
0.0067364
0.0077061
0.0079134
0.0071791
0.0068876
0.0066329
0.0062063
0.0058033
0.0049012
0.0037038
0.0032461
0.0029884
0.0023811
0.0026252
0.0028836
0.0039009
0.0049531
0.0052874
0.0046748
0.0045950
0.0047061
0.0045467
0.0052289
0.0051914
0.0047982
0.0041405
0.0036319
0.0029864
0.0029189
0.0026337
0.0022435
0.0027481
0.0027404
0.0022140
0.0018247
0.0016030
0.0019777
0.0020174
0.0019226
0.0018634
0.0014267
0.0008959
0.0007200
0.0002570
-0.0002158
0.0003464
0.0004756
0.0011088
0.0020210
0.0028150
0.0035522
0.0037321
0.0036397
0.0041084
0.0036544
0.0030765
0.0023855
0.0024557
0.0018991
0.0011618
0.0003938
0.0000257
0.0007930
0.0008284
0.0014135
0.0013034
0.0007142
0.0005235
0.0009462
0.0015415
0.0018879
0.0025055
0.0032120
0.0032881
0.0031686
0.0030951
0.0031953
0.0029262
0.0032402
0.0026747
0.0018199
-0.0001068
-0.0009374
-0.0018014
-0.0021553
-0.0028135
-0.0031204
-0.0036557
-0.0038935
-0.0037911
-0.0036426
-0.0035561
-0.0034766
-0.0037596
-0.0038460
-0.0034395
-0.0026428
-0.0028030
-0.0027413
-0.0030004
-0.0031664
-0.0036526
-0.0037974
-0.0037120
-0.0031258
-0.0031572
-0.0036172
-0.0045972
-0.0057919
-0.0064149
-0.0065833
-0.0063074
-0.0060552
-0.0055136
-0.0047080
-0.0044140
-0.0045572
-0.0045454
-0.0038346
-0.0024560
-0.0023838
-0.0025202
-0.0031150
-0.0038886
-0.0042821
-0.0042686
-0.0049524
-0.0051014
-0.0050633
-0.0051384
-0.0058732
-0.0060565
-0.0059390
-0.0055893
-0.0052115
-0.0051814
-0.0054653
-0.0059488
-0.0062655
-0.0063060
-0.0065928
-0.0059667
-0.0052324
-0.0041420
-0.0033217
-0.0020174
-0.0019347
-0.0021182
-0.0019625
-0.0018200
-0.0025171
-0.0020847
-0.0022103
-0.0029065
-0.0034028
-0.0037166
-0.0043157
-0.0044763
-0.0044552
-0.0039870
-0.0035358
-0.0041131
-0.0042293
-0.0041655
-0.0043077
-0.0040163
-0.0043173
-0.0046594
-0.0057662
-0.0065554
-0.0072846
-0.0076314
-0.0080882
-0.0081683
-0.0082689
-0.0086772
-0.0082005
-0.0079626
-0.0083218
-0.0088163
-0.0092655
-0.0099608
-0.0104901
-0.0109995
-0.0107278
-0.0099737
-0.0090161
-0.0076811
-0.0069248
-0.0062827
-0.0054375
-0.0049200
-0.0046174
-0.0053151
-0.0054749
-0.0055063
-0.0059077
-0.0059489
-0.0061117
-0.0063493
-0.0063318
-0.0069080
-0.0067835
-0.0067748
-0.0073287
-0.0075063
-0.0075017
-0.0078313
-0.0077311
-0.0077599
-0.0075464
-0.0068916
-0.0066076
-0.0059729
-0.0053550
-0.0047526
-0.0042814
-0.0037942
-0.0031942
-0.0032583
-0.0034543
-0.0039867
-0.0042195
-0.0043380
-0.0048284
-0.0043478
-0.0042482
-0.0039547
-0.0039670
-0.0037358
-0.0028661
-0.0023732
-0.0018623
-0.0018560
-0.0022206
-0.0024736
-0.0022786
-0.0030793
-0.0039215
-0.0046082
-0.0046300
-0.0047053
-0.0048347
-0.0053555
-0.0062405
-0.0066259
-0.0068715
-0.0067037
-0.0067192
-0.0074262
-0.0072054
-0.0075642
-0.0072420
-0.0068737
-0.0068833
-0.0061797
-0.0060804
-0.0060013
-0.0058920
-0.0058298
-0.0054024
-0.0050634
-0.0041945
-0.0036062
-0.0032340
-0.0028829
-0.0023761
-0.0016145
-0.0021156
-0.0019877
-0.0013143
-0.0014050
-0.0009037
-0.0011007
-0.0014627
-0.0019496
-0.0022342
-0.0025100
-0.0029945
-0.0034267
-0.0043973
-0.0047960
-0.0052343
-0.0054787
-0.0059498
-0.0057573
-0.0055595
-0.0056214
-0.0066687
-0.0063884
-0.0068985
-0.0072470
-0.0076287
-0.0074699
-0.0072757
-0.0068744
-0.0068818
-0.0067532
-0.0057086
-0.0052326
-0.0045367
-0.0047074
-0.0048020
-0.0052342
-0.0060334
-0.0060938
-0.0060852
-0.0068243
-0.0070576
-0.0067773
-0.0062799
-0.0064740
-0.0058798
-0.0049865
-0.0046676
-0.0040557
-0.0032135
-0.0024657
-0.0023100
-0.0015826
-0.0007998
-0.0001234
-0.0000354
0.0001698
0.0001848
0.0006636
0.0004503
-0.0001659
-0.0005620
-0.0006913
-0.0002492
0.0004028
0.0003640
0.0007088
0.0007157
0.0011117
0.0012444
0.0008122
0.0007476
0.0000735
0.0000704
0.0002901
0.0003910
0.0009233
0.0010280
0.0008947
0.0015696
0.0017117
0.0019290
0.0020072
0.0018516
0.0014603
0.0016261
0.0016605
0.0008269
-0.0000878
0.0004689
0.0011199
0.0016247
0.0021682
0.0025814
0.0025828
0.0019225
0.0015049
0.0010902
0.0005318
0.0006044
0.0001777
-0.0003639
-0.0004777
-0.0004707
-0.0008459
-0.0009862
-0.0008973
-0.0015552
-0.0020458
-0.0023187
-0.0020033
-0.0022113
-0.0018079
-0.0023570
-0.0025461
-0.0024594
-0.0025594
-0.0030673
-0.0032392
-0.0035185
-0.0039223
-0.0039762
-0.0036299
-0.0031577
-0.0037515
-0.0037747
-0.0039234
-0.0029087
-0.0020092
-0.0015799
-0.0014414
-0.0015959
-0.0014758
-0.0008275
0.0000739
0.0008586
0.0013684
0.0018411
0.0020839
0.0018471
0.0022566
0.0030888
0.0034764
0.0034797
0.0036501
0.0027357
0.0020907
0.0014933
0.0005043
-0.0003218
0.0001090
0.0001409
-0.0000856
-0.0007641
-0.0013324
-0.0019419
-0.0016938
-0.0015072
-0.0003078
0.0003722
0.0007456
0.0012225
0.0011593
0.0016761
0.0017089
0.0011365
0.0007715
0.0009524
0.0006858
0.0007805
0.0016351
0.0020061
0.0020016
0.0028186
0.0034758
0.0036421
0.0033786
0.0029748
0.0025143
0.0014400
0.0003896
0.0002619
-0.0001976
-0.0001748
-0.0006908
-0.0008023
-0.0009684
-0.0012477
-0.0011532
-0.0012291
-0.0001201
0.0004331
0.0006342
0.0007883
0.0014432
0.0017046
0.0027536
0.0032004
0.0040366
0.0035029
0.0038869
0.0034279
0.0030466
0.0025251
0.0021224
0.0024442
0.0031665
0.0031593
0.0029444
0.0035069
0.0037256
0.0032750
0.0029877
0.0023256
0.0029103
0.0031763
0.0023242
0.0021548
0.0026888
0.0028232
0.0037752
0.0040282
0.0040110
0.0039629
0.0044534
0.0047975
0.0046754
0.0043743
0.0046818
0.0049419
0.0053388
0.0052279
0.0049330
0.0042099
0.0042698
0.0046724
0.0044026
0.0044059
0.0041936
0.0041252
0.0035557
0.0028046
0.0030049
0.0028988
0.0027989
0.0026855
0.0035305
0.0044899
0.0051956
0.0062943
0.0071252
0.0076264
0.0085008
0.0090903
0.0098709
0.0104430
0.0107880
0.0106767
0.0103342
0.0101157
0.0101872
0.0096781
0.0086668
0.0086833
0.0081097
0.0073059
0.0056287
0.0045220
0.0035367
0.0030223
0.0031661
0.0033630
0.0034028
0.0041549
0.0044098
0.0053964
0.0052766
0.0060442
0.0057536
0.0059810
0.0067878
0.0073182
0.0069897
0.0059448
0.0055737
0.0056687
0.0056826
0.0057892
0.0050647
0.0044424
0.0038605
0.0034523
0.0036001
0.0039397
0.0046716
0.0049005
0.0051738
0.0050521
0.0045861
0.0034607
0.0030253
0.0028646
0.0022533
0.0021460
0.0023222
0.0023579
0.0024271
0.0022720
0.0026008
0.0027716
0.0028716
0.0025763
0.0024593
0.0025286
0.0025028
0.0032768
0.0033073
0.0027767
0.0023681
0.0019635
0.0014543
0.0013378
0.0007339
0.0003378
-0.0000917
-0.0007243
-0.0018935
-0.0031050
-0.0044911
-0.0057482
-0.0059590
-0.0057088
-0.0047031
-0.0041689
-0.0041211
-0.0044344
-0.0040200
-0.0036747
-0.0030736
-0.0025288
-0.0016935
-0.0006656
-0.0001469
0.0001425
0.0002870
0.0003754
0.0001867
-0.0000622
0.0003490
-0.0007848
-0.0020681
-0.0024122
-0.0025006
-0.0024762
-0.0024126
-0.0022780
-0.0024607
-0.0035682
-0.0039886
-0.0043334
-0.0050706
-0.0052476
-0.0053542
-0.0050562
-0.0054013
-0.0046599
-0.0043255
-0.0038984
-0.0029825
-0.0026482
-0.0019928
-0.0022453
-0.0024204
-0.0024919
-0.0026383
-0.0029200
-0.0027750
-0.0018245
-0.0005141
0.0003691
0.0006627
0.0010520
0.0010367
0.0011883
0.0016104
0.0011888
0.0013565
0.0011000
0.0015542
0.0015860
0.0013377
0.0012476
0.0011601
0.0013734
0.0012616
0.0019742
0.0021131
0.0021766
0.0023642
0.0029826
0.0033181
0.0031961
0.0025950
0.0021700
0.0014388
0.0010974
0.0014583
0.0015045
0.0019108
0.0028199
0.0039217
0.0043883
0.0040761
0.0043000
0.0049866
0.0057102
0.0060475
0.0059197
0.0061885
0.0065360
0.0067379
0.0071368
0.0069273
0.0059449
0.0052503
0.0050999
0.0053617
0.0047041
0.0041735
0.0039994
0.0032800
0.0026942
0.0019858
0.0018967
0.0026118
0.0029019
0.0033671
0.0034256
0.0036461
0.0041283
0.0034375
0.0032192
0.0038305
0.0045743
0.0039924
0.0035047
0.0035088
0.0040623
0.0041479
0.0039600
0.0041158
0.0040693
0.0043284
0.0040421
0.0040982
0.0049294
0.0043098
0.0035713
0.0029074
0.0030397
0.0029859
0.0035917
0.0038755
0.0035679
0.0038279
0.0040350
0.0042485
0.0040796
0.0042961
0.0047237
0.0048447
0.0044873
0.0039399
0.0034821
0.0035762
0.0035660
0.0032847
0.0033072
0.0035744
0.0031369
0.0039584
0.0046191
0.0044357
0.0041715
0.0045503
0.0050585
0.0055721
0.0056367
0.0063158
0.0064939
0.0060188
0.0055859
0.0058277
0.0062168
0.0056826
0.0057086
0.0058876
0.0050176
0.0044273
0.0037125
0.0029358
0.0025453
0.0020888
0.0020824
0.0023764
0.0034782
0.0048170
0.0048743
0.0043595
0.0042473
0.0045834
0.0045562
0.0047733
0.0047737
0.0043913
0.0035668
0.0035024
0.0033647
0.0029428
0.0028549
0.0023136
0.0026190
0.0026087
0.0027381
0.0033817
0.0042028
0.0047940
0.0048751
0.0048546
0.0047951
0.0047662
0.0052121
0.0054610
0.0052718
0.0050616
0.0048305
0.0042347
0.0039136
0.0040262
0.0042380
0.0045124
0.0049007
0.0043810
0.0041869
0.0047864
0.0053231
0.0063778
0.0071315
0.0080422
0.0078356
0.0084790
0.0093393
0.0095842
0.0089709
0.0091286
0.0092188
0.0092244
0.0088882
0.0087378
0.0077129
0.0074174
0.0070457
0.0062990
0.0060155
0.0060315
0.0057143
0.0057201
0.0056249
0.0059127
0.0061588
0.0060496
0.0050524
0.0045384
0.0031535
0.0027172
0.0026084
0.0026976
0.0025844
0.0023410
0.0028506
0.0028648
0.0031328
0.0036807
0.0044101
0.0046223
0.0050496
0.0056586
0.0055683
0.0058734
0.0062502
0.0065628
0.0072575
0.0072469
0.0073308
0.0076453
0.0079057
0.0086778
0.0088457
0.0079867
0.0075861
0.0076993
0.0075795
0.0077725
0.0084285
0.0090410
0.0093863
0.0092629
0.0090566
0.0095316
0.0100236
0.0106191
0.0105150
0.0101671
0.0100054
0.0093036
0.0083482
0.0080963
0.0076861
0.0078091
0.0080362
0.0081996
0.0082749
0.0085792
0.0083744
0.0074521
0.0062941
0.0057935
0.0060366
0.0066328
0.0069656
0.0069894
0.0076788
0.0073437
0.0074231
0.0066795
0.0065870
0.0061162
0.0063908
0.0065538
0.0069271
0.0075413
0.0080776
0.0083938
0.0088843
0.0088695
0.0091748
0.0085944
0.0081620
0.0078970
0.0071182
0.0068862
0.0070722
0.0075242
0.0076604
0.0079554
0.0080826
0.0083987
0.0082855
0.0077904
0.0069691
0.0061065
0.0055569
0.0044672
0.0038547
0.0035239
0.0032894
0.0026860
0.0025667
0.0024773
0.0024994
0.0026546
0.0028266
0.0034487
0.0035892
0.0038713
0.0037316
0.0043352
0.0042382
0.0040223
0.0037605
0.0039100
0.0045665
0.0051279
0.0051573
0.0043262
0.0032729
0.0024403
0.0018428
0.0012528
0.0003908
0.0002075
0.0004907
0.0002418
-0.0006182
-0.0010123
-0.0014733
-0.0011679
-0.0021351
-0.0031082
-0.0034233
-0.0038395
-0.0033546
-0.0022923
-0.0021402
-0.0024021
-0.0021611
-0.0023384
-0.0029308
-0.0025823
-0.0020400
-0.0008231
-0.0000024
0.0007287
0.0007064
0.0013581
0.0012167
0.0016436
0.0023392
0.0021499
0.0017515
0.0008188
0.0003007
0.0000882
-0.0007401
-0.0006930
-0.0014757
-0.0017108
-0.0019587
-0.0026227
-0.0030950
-0.0029563
-0.0025189
-0.0019850
-0.0020977
-0.0023760
-0.0028254
-0.0034711
-0.0036848
-0.0041163
-0.0047317
-0.0049392
-0.0048183
-0.0046648
-0.0052949
-0.0054913
-0.0062858
-0.0065428
-0.0065984
-0.0065590
-0.0056917
-0.0055480
-0.0064695
-0.0071261
-0.0079066
-0.0078632
-0.0077265
-0.0081040
-0.0089626
-0.0088351
-0.0092280
-0.0094325
-0.0093993
-0.0089460
-0.0100638
-0.0108780
-0.0120055
-0.0128985
-0.0126839
-0.0123656
-0.0117511
-0.0107572
-0.0097753
-0.0092794
-0.0092467
-0.0088878
-0.0091768
-0.0090316
-0.0095148
-0.0096687
-0.0085758
-0.0079577
-0.0075354
-0.0075355
-0.0076998
-0.0081458
-0.0083120
-0.0085605
-0.0083705
-0.0080719
-0.0077460
-0.0079845
-0.0080486
-0.0075898
-0.0070390
-0.0069115
-0.0062930
-0.0059733
-0.0054869
-0.0056585
-0.0056764
-0.0056617
-0.0062522
-0.0065383
-0.0070759
-0.0066248
-0.0064201
-0.0065057
-0.0070957
-0.0071087
-0.0073623
-0.0080859
-0.0085140
-0.0093307
-0.0111283
-0.0116292
-0.0117842
-0.0118251
-0.0112795
-0.0108017
-0.0105638
-0.0103540
-0.0105458
-0.0106690
-0.0101391
-0.0097404
-0.0099518
-0.0094859
-0.0098299
-0.0098927
-0.0097570
-0.0098627
-0.0100149
-0.0093272
-0.0081756
-0.0084058
-0.0081409
-0.0081554
-0.0077035
-0.0073662
-0.0071268
-0.0069952
-0.0056210
-0.0039983
-0.0033089
-0.0023526
-0.0021490
-0.0019326
-0.0019036
-0.0020343
-0.0017854
-0.0021129
-0.0026840
-0.0033738
-0.0043534
-0.0044656
-0.0037618
-0.0035929
-0.0036981
-0.0044676
-0.0051344
-0.0056158
-0.0062276
-0.0070265
-0.0071165
-0.0058584
-0.0055425
-0.0044244
-0.0034268
-0.0021806
-0.0019041
-0.0015616
-0.0010694
-0.0014807
-0.0009800
-0.0012219
-0.0005374
-0.0008208
-0.0013881
-0.0018360
-0.0014798
-0.0018456
-0.0016357
-0.0012976
-0.0016197
-0.0015783
-0.0018351
-0.0015084
-0.0013135
-0.0007666
-0.0007317
-0.0007752
-0.0008934
-0.0012998
-0.0015617
-0.0017983
-0.0017582
-0.0022552
-0.0027283
-0.0030987
-0.0034601
-0.0028215
-0.0017804
-0.0009354
-0.0003217
0.0005652
0.0003169
0.0000804
-0.0007948
-0.0017183
-0.0025469
-0.0036510
-0.0041399
-0.0047076
-0.0056551
-0.0054541
-0.0054368
-0.0047845
-0.0042309
-0.0032446
-0.0023273
-0.0020685
-0.0020710
-0.0029480
-0.0038242
-0.0041011
-0.0037229
-0.0030278
-0.0026687
-0.0021840
-0.0015771
-0.0008071
-0.0013733
-0.0015528
-0.0014522
-0.0019977
-0.0023446
-0.0027905
-0.0033927
-0.0033476
-0.0028773
-0.0025113
-0.0023913
-0.0022448
-0.0021247
-0.0023218
-0.0031097
-0.0030799
-0.0029426
-0.0023463
-0.0020918
-0.0024460
-0.0023651
-0.0022342
-0.0022883
-0.0013322
-0.0001377
0.0001644
0.0003506
0.0008957
0.0016063
0.0017332
0.0019676
0.0012140
0.0012260
0.0012730
0.0005657
-0.0002203
-0.0008325
-0.0011342
-0.0015178
-0.0021005
-0.0024732
-0.0026078
-0.0027599
-0.0021226
-0.0023465
-0.0022858
-0.0020815
-0.0023681
-0.0023601
-0.0025285
-0.0026955
-0.0031559
-0.0041231
-0.0045271
-0.0046867
-0.0048824
-0.0053304
-0.0057641
-0.0063321
-0.0069540
-0.0079936
-0.0078097
-0.0080000
-0.0078469
-0.0074868
-0.0074576
-0.0075786
-0.0073989
-0.0073990
-0.0076262
-0.0081723
-0.0073606
-0.0066537
-0.0058348
-0.0053329
-0.0042921
-0.0041757
-0.0043193
-0.0045838
-0.0044617
-0.0052845
-0.0057673
-0.0060843
-0.0058036
-0.0058376
-0.0057830
-0.0048866
-0.0034186
-0.0032100
-0.0029206
-0.0029906
-0.0029706
-0.0030115
-0.0028998
-0.0026450
-0.0020067
-0.0016775
-0.0011547
0.0000467
0.0007070
0.0015291
0.0021990
0.0021577
0.0009633
0.0005917
-0.0005148
0.0001498
0.0004753
0.0006701
0.0003885
0.0000950
0.0003103
0.0013056
0.0017229
0.0025091
0.0026452
0.0019474
0.0015797
0.0009807
0.0006456
0.0003086
0.0001471
-0.0005137
-0.0003737
-0.0005236
-0.0007695
-0.0015402
-0.0020985
-0.0019430
-0.0024101
-0.0022823
-0.0016070
-0.0008794
-0.0004134
-0.0001745
0.0005562
0.0004602
0.0004983
0.0000802
0.0001104
0.0001845
-0.0002606
-0.0004540
0.0000864
0.0006832
0.0006496
0.0011583
0.0016693
0.0024823
0.0019858
0.0022365
0.0017981
0.0021596
0.0021726
0.0030268
0.0034533
0.0029788
0.0024547
0.0017332
0.0014589
0.0010000
0.0004870
-0.0006073
-0.0012627
