1.0000000
0.2999381
0.1094351
0.0469535
0.0208017
0.0082880
0.0047285
0.0016090
-0.0000768
0.0003880
0.0003554
-0.0006018
0.0014038
0.0023730
-0.0002420
0.0009744
-0.0007081
-0.0018623
-0.0023254
-0.0011243
-0.0002057
0.0015114
0.0004174
0.0003191
-0.0000847
0.0013857
0.0011203
0.0009384
-0.0010048
-0.0010435
0.0003058
0.0013902
0.0005348
-0.0001287
0.0006448
0.0041602
0.0011735
0.0021140
-0.0004381
0.0003908
-0.0014471
0.0000132
-0.0006557
0.0005411
0.0003665
-0.0012323
0.0014467
0.0015935
-0.0005318
-0.0007283
-0.0001959
0.0004688
0.0008129
0.0014290
-0.0001168
0.0005251
-0.0009663
0.0001104
-0.0003927
-0.0017892
0.0011858
-0.0003549
-0.0025858
0.0008665
0.0019154
0.0016221
0.0017641
0.0010955
0.0004614
0.0001823
0.0001192
0.0004181
-0.0015462
-0.0004051
0.0003518
-0.0011552
-0.0023634
-0.0013776
-0.0011850
-0.0005865
0.0012642
0.0003489
-0.0007340
0.0000590
-0.0000854
-0.0001090
-0.0010620
-0.0015861
0.0007521
-0.0012186
-0.0012501
-0.0023852
-0.0041945
-0.0023589
-0.0008621
-0.0023347
-0.0024132
0.0019416
0.0026608
0.0014407
0.0000934
-0.0014956
-0.0003391
-0.0011548
-0.0012505
-0.0001695
-0.0009872
0.0002100
0.0002067
-0.0007398
0.0018057
0.0016668
-0.0015777
-0.0017616
0.0004383
0.0025202
0.0014522
0.0018903
-0.0005004
-0.0017681
-0.0004719
0.0006798
-0.0001082
-0.0005726
-0.0011735
-0.0020073
-0.0026070
-0.0032159
-0.0000685
-0.0017324
-0.0010600
-0.0008956
0.0006582
-0.0013987
-0.0016149
0.0013945
0.0021897
0.0018643
-0.0007966
-0.0001946
-0.0002060
0.0010342
0.0028892
-0.0010915
-0.0013059
0.0003183
-0.0001925
-0.0010089
0.0005495
-0.0000209
0.0004279
0.0010940
0.0007192
0.0014976
0.0014041
-0.0000798
-0.0011522
-0.0025573
-0.0016929
-0.0029551
-0.0004323
0.0004088
-0.0018811
-0.0017648
-0.0007149
0.0013268
0.0024450
0.0013456
0.0009284
0.0010434
0.0021357
-0.0002610
-0.0005604
0.0003159
-0.0015744
0.0005544
0.0022635
0.0008402
-0.0000575
-0.0019895
-0.0044191
-0.0020387
-0.0018874
-0.0026206
-0.0020240
-0.0018919
-0.0019874
-0.0003269
-0.0000861
-0.0031718
-0.0014501
0.0029730
0.0044898
0.0025865
0.0031465
0.0039495
0.0013478
0.0017000
0.0011224
-0.0003005
0.0001064
-0.0001360
-0.0012488
-0.0022938
-0.0039960
-0.0023954
-0.0032362
-0.0031372
-0.0014515
-0.0005284
0.0010954
0.0019620
0.0005082
0.0010423
0.0010771
0.0000489
-0.0005682
0.0005713
-0.0008886
0.0004904
0.0011978
-0.0009516
-0.0011388
0.0011108
0.0009774
-0.0000950
-0.0003079
0.0004040
0.0008207
0.0009887
-0.0003805
-0.0000230
-0.0006781
0.0007692
-0.0001953
-0.0015222
-0.0001175
-0.0002046
-0.0004382
0.0018854
0.0035186
0.0023362
0.0021376
0.0011599
0.0015629
0.0004635
-0.0000472
0.0000449
0.0007101
0.0014087
0.0019923
-0.0000739
-0.0002668
-0.0014136
-0.0005250
0.0003094
0.0033179
0.0016358
0.0017255
-0.0003478
0.0003517
0.0032478
0.0008282
-0.0002259
0.0015891
0.0032490
0.0012390
0.0029637
0.0019687
0.0037796
0.0030464
0.0026678
0.0014059
0.0011510
0.0015792
-0.0000413
0.0015432
-0.0007155
-0.0004071
-0.0000841
0.0010938
-0.0006513
-0.0018037
0.0012627
-0.0004087
-0.0014466
-0.0025977
-0.0030983
-0.0012545
-0.0009548
0.0004840
0.0018900
0.0002836
0.0011592
0.0033095
0.0016654
0.0030816
0.0000423
-0.0002425
0.0023650
0.0007359
0.0005452
0.0003714
-0.0002919
0.0013136
0.0022454
0.0020530
0.0011999
-0.0016934
0.0001073
0.0016298
0.0018919
0.0028506
0.0020154
-0.0015219
-0.0030582
-0.0030416
-0.0010391
-0.0014076
0.0032500
0.0010839
0.0003908
0.0013159
0.0020692
0.0028856
0.0001762
-0.0011557
0.0005178
-0.0006879
0.0016669
0.0017139
0.0004818
-0.0008306
0.0004875
-0.0000147
-0.0003104
-0.0025946
-0.0016376
-0.0010985
0.0000203
0.0013338
-0.0001179
-0.0016384
0.0018149
0.0023066
0.0023596
0.0020897
-0.0008790
-0.0007893
0.0017868
-0.0008631
-0.0025216
-0.0043863
-0.0031878
-0.0050754
-0.0052029
-0.0049789
-0.0035934
-0.0004904
0.0001334
0.0009036
0.0020922
0.0000214
0.0017730
0.0021892
0.0008595
0.0002179
0.0019059
0.0020217
0.0006399
-0.0019381
0.0008923
-0.0003988
-0.0004173
0.0005174
0.0007601
0.0009124
0.0010702
0.0000360
0.0000748
0.0027685
0.0014121
0.0026305
0.0000027
-0.0000514
-0.0012471
-0.0015716
-0.0014673
0.0003992
0.0011004
0.0008498
-0.0005228
0.0005481
-0.0003941
-0.0006401
0.0002250
-0.0009794
-0.0017381
-0.0002855
0.0007673
0.0006711
0.0007993
-0.0004029
-0.0011539
-0.0016118
0.0006015
0.0016037
0.0033840
0.0033036
0.0045180
0.0024441
-0.0001762
-0.0009805
-0.0026637
-0.0038070
-0.0013133
-0.0006646
0.0017575
0.0025554
-0.0008063
0.0010063
0.0024913
0.0023188
0.0007918
0.0032767
0.0008118
0.0007619
0.0014122
0.0011855
0.0024002
0.0024570
0.0021123
0.0018485
0.0012383
0.0010418
0.0011238
0.0002448
0.0006794
0.0013544
0.0011117
-0.0008104
-0.0001784
0.0023351
0.0032501
0.0036628
-0.0005647
-0.0009412
-0.0000828
0.0004149
-0.0011924
-0.0003634
0.0003544
0.0007758
0.0024535
0.0022324
0.0017316
0.0017132
0.0036683
0.0027958
0.0012503
-0.0009200
-0.0020143
-0.0020239
0.0001532
0.0004019
-0.0012167
-0.0007684
0.0017478
-0.0007021
-0.0012062
-0.0026226
0.0000929
0.0003698
0.0000346
-0.0005092
-0.0015204
-0.0007735
-0.0013577
0.0008207
0.0025470
0.0020592
0.0029863
0.0035085
0.0003861
-0.0003496
0.0007612
0.0023405
0.0013043
0.0011983
0.0029468
0.0010526
0.0004270
0.0004563
-0.0010575
0.0016870
-0.0008268
-0.0030065
-0.0002492
-0.0011740
-0.0005746
0.0008269
0.0027505
0.0022847
0.0017118
-0.0013500
-0.0007648
-0.0027864
-0.0015032
-0.0002447
0.0001325
-0.0022493
-0.0004882
0.0013209
0.0003454
0.0010177
0.0006544
-0.0006442
-0.0006977
-0.0016351
-0.0001928
0.0009722
0.0022814
0.0011885
0.0007298
0.0030601
0.0005050
-0.0007322
-0.0009750
-0.0030585
-0.0027203
-0.0007618
-0.0007219
0.0010106
-0.0009359
0.0007267
-0.0002337
0.0008939
0.0012067
0.0011083
0.0016966
-0.0001593
-0.0004676
0.0006549
-0.0012891
-0.0015645
0.0006907
-0.0005157
-0.0000566
-0.0008495
-0.0014811
-0.0012187
-0.0007923
0.0008286
-0.0005152
-0.0025095
-0.0015026
-0.0015859
-0.0023562
-0.0019111
-0.0005852
-0.0020579
-0.0009285
0.0006550
-0.0004727
0.0005788
-0.0005454
0.0000173
0.0017312
-0.0003955
-0.0003812
0.0021402
0.0006776
0.0010994
0.0000802
-0.0017090
-0.0007028
-0.0017952
-0.0005005
0.0005539
0.0010709
0.0000643
0.0017514
0.0031027
0.0008855
0.0034969
0.0044546
0.0015245
0.0004359
0.0016882
0.0025731
0.0025218
0.0018104
0.0007809
0.0020356
0.0011286
-0.0007024
-0.0015053
-0.0005336
-0.0004409
0.0019291
0.0005977
0.0015577
0.0000802
0.0025059
-0.0004839
0.0000421
0.0012285
-0.0000859
0.0005485
0.0017413
0.0004821
-0.0005313
-0.0011132
-0.0037006
-0.0027033
-0.0012875
-0.0021915
-0.0016867
-0.0010479
-0.0014279
-0.0025309
-0.0011233
-0.0008779
-0.0005377
0.0012765
0.0003258
-0.0003378
-0.0005132
-0.0005554
0.0000964
0.0022183
0.0013412
0.0030856
0.0018526
0.0029837
0.0027053
0.0011206
0.0011429
0.0021129
0.0017995
0.0011543
0.0017383
0.0026758
0.0010671
-0.0003844
-0.0013255
-0.0010561
-0.0004987
0.0001001
0.0002824
0.0008934
0.0015724
0.0009498
0.0004422
0.0015773
0.0010216
-0.0005472
-0.0022779
-0.0006531
0.0011438
0.0012573
0.0024962
0.0024184
0.0002864
0.0000973
-0.0002997
-0.0025043
0.0000569
-0.0009979
-0.0006206
-0.0006693
-0.0006705
-0.0003525
0.0009526
0.0012703
-0.0005974
-0.0026948
0.0006513
0.0005797
0.0001570
0.0005232
0.0014704
-0.0016305
-0.0009599
-0.0019767
-0.0021560
-0.0014448
0.0007323
0.0021733
0.0017456
0.0007030
0.0007842
0.0019975
0.0006410
-0.0000459
-0.0018448
-0.0004158
0.0015887
-0.0000492
-0.0003761
-0.0006906
-0.0009029
-0.0015829
0.0008814
0.0012990
-0.0004400
0.0019213
-0.0000376
0.0005773
0.0002931
0.0022821
0.0022262
-0.0008634
0.0001819
-0.0012186
0.0018771
-0.0003496
-0.0022665
-0.0005194
-0.0009809
-0.0010194
0.0006393
-0.0004031
-0.0021380
-0.0005352
-0.0002313
0.0015704
0.0022972
0.0005777
0.0013650
0.0008023
0.0000595
-0.0004879
-0.0011812
0.0012842
0.0016080
0.0003982
0.0011203
0.0014752
0.0013517
0.0027771
0.0019994
0.0021025
0.0015499
0.0004985
0.0016175
-0.0000688
-0.0009661
-0.0004595
0.0011748
0.0016759
0.0008650
-0.0009562
-0.0000504
-0.0014162
-0.0002174
0.0018355
-0.0003896
0.0009073
0.0035332
0.0023717
0.0020895
0.0010197
0.0000200
-0.0007413
-0.0011125
-0.0003545
-0.0015349
-0.0023299
0.0002423
0.0001387
-0.0003566
0.0010041
-0.0030427
-0.0022969
-0.0017324
-0.0021008
-0.0002595
0.0009226
0.0013168
-0.0020458
-0.0006076
0.0003748
0.0011918
-0.0005011
-0.0003540
0.0000136
0.0004843
0.0012842
0.0017004
0.0010330
0.0025968
0.0001244
-0.0005176
-0.0003061
0.0005026
0.0001555
0.0003823
0.0005648
-0.0006067
-0.0016306
-0.0002695
-0.0021941
0.0011292
0.0002674
0.0001562
-0.0015578
0.0004832
0.0002018
-0.0005957
-0.0008961
-0.0008502
-0.0005222
-0.0007976
0.0012195
-0.0004093
0.0014978
0.0015134
0.0018861
-0.0010804
-0.0005281
0.0001551
-0.0005315
0.0009817
0.0029285
-0.0005368
0.0015692
0.0000182
-0.0019286
0.0010666
-0.0010413
0.0009278
0.0010977
-0.0007641
0.0005157
-0.0010370
-0.0012569
-0.0000534
-0.0010266
-0.0018979
-0.0015014
-0.0007179
-0.0000274
0.0015201
-0.0001487
-0.0000875
0.0008778
-0.0012310
0.0002284
0.0004317
0.0002986
-0.0013632
-0.0003587
0.0001222
-0.0000783
0.0013239
0.0007520
-0.0013640
-0.0003076
0.0008825
0.0008739
-0.0007763
-0.0012709
-0.0001602
-0.0016527
-0.0011981
-0.0024812
-0.0011560
-0.0015760
0.0007833
-0.0015334
-0.0018408
-0.0013069
0.0008688
0.0010668
0.0013245
0.0021169
0.0019865
0.0021372
0.0020560
0.0017503
0.0011389
0.0002326
-0.0003566
0.0008529
0.0014313
0.0014490
0.0014355
0.0019722
0.0015005
0.0011952
0.0021931
0.0009555
-0.0020575
-0.0006580
-0.0029821
-0.0015560
0.0009860
0.0021938
-0.0010582
-0.0019377
-0.0029443
-0.0013351
0.0007941
0.0012675
0.0001049
-0.0007040
0.0006668
-0.0018233
-0.0013220
-0.0007831
-0.0011977
0.0014822
0.0010991
0.0000037
-0.0010712
-0.0021206
-0.0007098
-0.0010158
0.0008057
0.0017301
0.0006165
0.0002734
0.0009264
0.0007296
-0.0001987
0.0036767
0.0029674
0.0003556
0.0004994
0.0018669
-0.0002245
-0.0014353
-0.0016240
-0.0007639
0.0006417
-0.0002950
0.0009942
-0.0001001
-0.0002079
-0.0001991
-0.0000836
-0.0006355
-0.0008509
0.0001287
0.0015360
0.0010287
-0.0001872
-0.0004292
-0.0000062
0.0015990
0.0021642
0.0010046
0.0022326
0.0008082
-0.0000545
0.0008422
-0.0004287
-0.0000738
-0.0000391
0.0002454
-0.0000209
0.0022434
0.0029859
0.0023668
0.0008240
0.0019937
0.0016738
0.0009445
0.0024795
0.0030596
0.0015069
0.0012775
0.0005414
-0.0006672
-0.0015561
-0.0017267
-0.0022498
-0.0032009
-0.0019162
-0.0014369
-0.0003721
-0.0000407
0.0009338
-0.0008094
-0.0005948
-0.0021229
-0.0036367
-0.0021373
0.0006494
0.0009395
-0.0001946
0.0001440
0.0031035
-0.0003570
-0.0003142
0.0014981
-0.0001986
0.0003091
-0.0012374
-0.0012454
0.0000337
0.0004542
-0.0010973
0.0001583
-0.0007591
-0.0024444
0.0009438
0.0001671
-0.0007881
-0.0002335
0.0006326
-0.0008640
0.0020018
0.0013596
0.0031717
0.0002105
0.0001283
0.0014963
-0.0000578
0.0007753
0.0000108
0.0012985
0.0013062
0.0027503
0.0001981
-0.0035558
-0.0022926
0.0014106
0.0007686
-0.0003693
-0.0009053
0.0007014
0.0011812
-0.0010372
-0.0010828
-0.0017464
-0.0010240
0.0006975
0.0025953
0.0006838
-0.0006900
-0.0009603
-0.0002063
-0.0005717
-0.0013436
-0.0011845
0.0000695
0.0011354
0.0001864
0.0009893
-0.0013949
-0.0031140
-0.0024162
-0.0011019
-0.0008275
-0.0008457
-0.0019869
0.0005690
0.0016066
0.0012249
0.0028643
0.0012573
0.0029739
0.0032184
-0.0007993
-0.0011128
0.0025880
-0.0005754
-0.0001306
0.0001879
0.0000244
0.0021309
0.0014041
0.0036906
0.0008624
0.0002501
-0.0011298
-0.0021441
-0.0013626
-0.0016236
0.0000657
-0.0001989
0.0006432
0.0013973
0.0013512
0.0007912
0.0012339
0.0010174
-0.0017490
0.0003295
0.0011412
-0.0016685
-0.0003206
-0.0000595
0.0005509
-0.0008284
0.0010098
0.0014892
-0.0005227
-0.0021383
-0.0021947
-0.0017238
-0.0001837
0.0014190
-0.0007737
0.0006072
-0.0004839
-0.0010291
-0.0003088
0.0006243
0.0005460
0.0004596
0.0011691
-0.0006476
-0.0031205
-0.0030253
0.0007193
0.0011947
0.0021316
-0.0002514
-0.0000733
-0.0016327
-0.0004615
0.0003695
-0.0010804
-0.0032313
-0.0022334
-0.0030957
-0.0034888
-0.0001678
-0.0011711
0.0009366
0.0002148
-0.0011437
0.0021512
-0.0001697
0.0014171
0.0007871
0.0010344
0.0014093
0.0009723
-0.0016918
0.0004164
-0.0012811
-0.0002306
0.0002751
-0.0004596
0.0004146
-0.0000178
-0.0009144
-0.0010472
-0.0004059
0.0005821
0.0006888
0.0006629
0.0007162
0.0006643
-0.0008666
-0.0007861
-0.0020645
0.0003375
-0.0002635
0.0019068
-0.0014499
-0.0022191
-0.0014280
-0.0000753
0.0004011
0.0006611
0.0001870
0.0017850
0.0011818
0.0030049
0.0022504
-0.0009416
-0.0026122
-0.0003942
-0.0005331
-0.0015233
-0.0007140
0.0013155
0.0015754
0.0020651
0.0041261
0.0005756
-0.0012243
-0.0023666
-0.0022554
0.0004599
-0.0012723
-0.0003508
0.0001218
-0.0002524
-0.0009647
-0.0026607
-0.0004445
0.0010798
0.0008141
0.0008203
0.0022689
0.0004091
0.0003172
-0.0007524
-0.0024026
0.0000333
-0.0016231
-0.0013903
-0.0036980
-0.0008574
0.0002070
0.0015626
-0.0029252
-0.0012457
-0.0012636
-0.0009771
-0.0017543
-0.0020873
-0.0015324
0.0011953
-0.0000447
-0.0010979
0.0015965
0.0018045
-0.0000396
-0.0011973
-0.0002277
-0.0023435
-0.0025965
-0.0003599
-0.0010719
0.0018464
0.0000711
-0.0005145
0.0011164
-0.0003951
0.0005095
-0.0002421
0.0010897
-0.0003296
-0.0029054
-0.0028680
-0.0025365
-0.0020190
-0.0008074
0.0013278
0.0002312
0.0006274
0.0005192
0.0026603
0.0007467
0.0003218
0.0006373
0.0012847
0.0011279
0.0017918
0.0006680
0.0019394
0.0035065
0.0017694
-0.0000038
0.0008683
0.0009665
0.0008464
0.0005356
0.0004888
0.0012964
0.0038184
0.0008189
0.0015299
0.0009469
0.0007683
0.0022297
0.0001275
-0.0011562
-0.0005502
-0.0003984
-0.0011235
0.0014331
0.0012394
0.0003992
0.0006389
-0.0000253
0.0036348
0.0052975
0.0031958
0.0000844
0.0021558
-0.0011297
0.0010559
0.0013288
0.0003702
-0.0008196
0.0014922
-0.0013457
0.0000606
-0.0013310
0.0005856
-0.0001507
-0.0014008
-0.0004027
-0.0012786
-0.0010314
-0.0008824
-0.0017598
0.0034725
0.0011137
0.0004062
0.0007191
-0.0007456
-0.0012287
-0.0001254
0.0005238
0.0005304
-0.0008812
0.0016191
0.0026764
0.0002626
0.0006478
0.0014855
-0.0001525
0.0018747
0.0027455
0.0021767
0.0009725
0.0008274
0.0012223
0.0011810
0.0007659
0.0018045
0.0016514
0.0018594
0.0016637
0.0002614
0.0025426
0.0020414
-0.0001348
0.0004464
-0.0003065
0.0010765
0.0027999
0.0032963
0.0025615
0.0012428
0.0005402
0.0016709
0.0037579
-0.0002413
-0.0021411
-0.0016391
0.0007844
-0.0012386
-0.0011126
-0.0004339
-0.0015852
-0.0030331
-0.0011679
0.0012847
0.0015866
-0.0004361
-0.0004420
0.0009298
0.0011696
0.0010763
0.0017694
0.0009168
0.0011010
-0.0026047
-0.0007289
0.0017217
0.0017395
0.0008980
0.0000296
-0.0012265
-0.0019462
-0.0013057
0.0002100
0.0012282
-0.0005707
-0.0007066
0.0004444
-0.0010414
-0.0027494
-0.0025848
-0.0018450
-0.0031682
-0.0005859
-0.0002863
-0.0002508
0.0000929
-0.0020358
0.0014872
0.0003112
-0.0006567
-0.0036911
-0.0008316
-0.0010674
-0.0020969
-0.0018061
-0.0001584
0.0010067
0.0015603
0.0005456
-0.0006907
0.0016480
-0.0005303
0.0007831
0.0011358
0.0006810
-0.0016957
0.0018100
-0.0004208
-0.0026827
-0.0023263
-0.0000907
-0.0012490
-0.0020763
-0.0015824
-0.0027968
-0.0005415
-0.0024361
-0.0024006
-0.0019818
-0.0012789
-0.0012630
-0.0019958
-0.0012800
0.0003652
0.0017859
0.0018048
0.0014970
0.0018467
0.0009130
0.0008223
-0.0031890
-0.0052966
-0.0040302
-0.0031413
-0.0031285
-0.0014383
-0.0006173
-0.0023730
-0.0027414
-0.0012533
-0.0017922
-0.0023088
0.0000110
-0.0015415
-0.0027904
-0.0001858
-0.0029037
-0.0010493
-0.0018006
-0.0019958
0.0010509
-0.0015457
-0.0025799
0.0007881
-0.0002679
-0.0014832
-0.0003873
-0.0007998
-0.0023103
-0.0006127
0.0005783
-0.0010400
-0.0000362
-0.0007142
0.0006619
-0.0019008
-0.0016287
-0.0022598
-0.0019123
-0.0018106
-0.0012428
0.0026873
-0.0004106
-0.0005684
-0.0004919
0.0009097
-0.0000643
0.0011182
0.0009504
0.0003777
-0.0016949
0.0019107
0.0016771
0.0014900
0.0026052
0.0011219
0.0012574
-0.0017720
-0.0024361
-0.0009082
-0.0004683
-0.0017282
-0.0001077
0.0001518
-0.0002262
0.0005243
0.0001721
0.0016116
-0.0003159
0.0017094
0.0004406
-0.0010579
-0.0007230
0.0028519
0.0005209
0.0011128
0.0002258
0.0019690
0.0014316
0.0018229
0.0019259
0.0017581
-0.0001855
0.0019615
-0.0005197
-0.0011899
-0.0010852
-0.0005347
-0.0015640
-0.0009593
0.0006409
-0.0005334
0.0008994
0.0019071
0.0004087
-0.0010199
-0.0000923
-0.0001185
0.0001598
-0.0001953
0.0008230
0.0037740
0.0020729
0.0022786
0.0012399
0.0034523
0.0036893
0.0023608
0.0012321
0.0011055
0.0018273
0.0004190
-0.0025570
-0.0008869
-0.0029122
-0.0032671
-0.0024828
-0.0027678
-0.0018292
-0.0023683
-0.0020009
-0.0014266
0.0005631
0.0003632
0.0009514
-0.0008563
-0.0002669
0.0003522
0.0012193
0.0018132
0.0029502
-0.0004760
-0.0002775
-0.0005497
0.0000827
0.0006943
-0.0021229
-0.0013227
-0.0030585
-0.0031803
-0.0039255
-0.0027292
-0.0007289
-0.0006395
-0.0000881
-0.0006110
-0.0001798
-0.0022322
-0.0005688
-0.0002695
-0.0015190
-0.0011794
-0.0015238
0.0002469
0.0011922
0.0004933
-0.0001470
-0.0002935
0.0008378
0.0005008
0.0012280
0.0023812
0.0014497
-0.0005661
0.0003473
-0.0010540
0.0016747
0.0017065
0.0012238
-0.0008725
-0.0004843
0.0025534
0.0040488
-0.0001795
0.0003968
-0.0006916
-0.0035415
-0.0031241
-0.0020645
-0.0003976
-0.0008322
-0.0032194
-0.0041527
-0.0000481
-0.0011448
0.0003382
-0.0001193
-0.0009997
-0.0016786
0.0008348
0.0019149
0.0012823
-0.0001133
-0.0015695
0.0014465
0.0019998
0.0008911
-0.0015217
-0.0016941
-0.0018429
0.0019243
0.0004572
0.0027277
0.0033041
0.0020695
-0.0006108
-0.0008948
-0.0000672
-0.0002271
-0.0001181
-0.0020778
-0.0027916
-0.0003133
0.0007012
-0.0004631
-0.0008325
-0.0001897
0.0001832
0.0011026
0.0010757
0.0001280
0.0016714
0.0019487
0.0021085
0.0002435
0.0008211
0.0004669
0.0004545
0.0016134
0.0000699
-0.0012557
-0.0023969
0.0003740
-0.0001483
-0.0007344
-0.0000196
-0.0015589
-0.0019838
-0.0025315
-0.0015181
-0.0009650
0.0008897
0.0007757
0.0002304
-0.0003052
0.0013752
0.0002637
0.0023261
0.0022445
-0.0005333
-0.0013509
-0.0007719
-0.0000902
0.0021178
0.0021254
-0.0002291
-0.0001186
-0.0013306
-0.0027791
-0.0046190
-0.0035181
-0.0009727
0.0004491
-0.0004837
0.0005862
-0.0001778
-0.0004691
0.0000592
-0.0011786
0.0005874
0.0010253
0.0015676
0.0000209
-0.0024201
-0.0008785
-0.0006815
-0.0007157
-0.0005235
0.0002805
-0.0001303
0.0010153
0.0004607
0.0017786
-0.0002253
0.0005638
-0.0010799
-0.0014385
-0.0028728
-0.0013354
-0.0006692
-0.0015910
0.0002825
0.0010732
-0.0031802
-0.0030050
-0.0011064
-0.0007678
0.0002433
-0.0013413
0.0005502
0.0009298
0.0022765
0.0003875
-0.0004386
0.0014331
0.0019559
0.0017688
0.0038685
0.0007664
-0.0014394
-0.0020823
0.0010160
0.0003792
-0.0010388
-0.0004544
-0.0003147
0.0000357
0.0018008
0.0020285
-0.0015405
-0.0007966
-0.0014473
-0.0034112
-0.0019248
-0.0005164
0.0018540
0.0016495
0.0008680
-0.0000464
0.0004128
0.0002939
0.0004369
-0.0006264
0.0003004
0.0005132
-0.0004827
0.0006086
0.0027060
0.0014849
-0.0002595
-0.0007546
-0.0013825
-0.0005798
0.0009885
0.0024857
0.0028202
0.0009650
0.0011051
0.0007700
0.0002134
0.0010073
0.0008578
-0.0002794
0.0001362
0.0009541
0.0011225
-0.0014361
0.0008421
0.0016015
0.0017320
0.0016935
-0.0005935
-0.0009100
0.0001771
-0.0007740
-0.0009685
-0.0025499
-0.0025241
-0.0024623
0.0007918
0.0006788
0.0005113
-0.0007626
0.0001546
0.0001643
-0.0014325
-0.0010680
-0.0024921
-0.0006952
-0.0011624
-0.0005747
0.0013544
0.0031723
0.0012206
-0.0010619
-0.0013588
-0.0006645
0.0012477
0.0016573
-0.0004334
-0.0002703
-0.0006135
0.0001990
-0.0006633
0.0035774
0.0019988
0.0011515
0.0009438
-0.0029297
-0.0023560
-0.0016674
-0.0010822
-0.0004828
-0.0014863
0.0001928
0.0004238
-0.0015490
-0.0025797
-0.0006220
0.0004511
0.0004233
0.0005154
-0.0003888
-0.0022992
-0.0003474
0.0001537
0.0002965
0.0019692
0.0019256
0.0028993
0.0019920
0.0000365
0.0006753
-0.0014868
0.0006221
-0.0010676
-0.0048265
-0.0027881
-0.0017963
-0.0025919
-0.0001103
-0.0005483
-0.0031767
-0.0024732
-0.0022671
-0.0006417
-0.0004223
-0.0003806
0.0003247
-0.0020429
-0.0005171
0.0008541
-0.0007507
-0.0006429
-0.0003790
-0.0003098
-0.0009504
0.0002735
-0.0006683
-0.0010891
-0.0010964
-0.0027656
-0.0011099
0.0008887
-0.0004347
-0.0009060
-0.0001012
0.0032218
0.0015026
0.0012410
0.0008791
0.0007234
0.0015589
-0.0010136
-0.0009431
-0.0018375
-0.0012030
0.0013572
0.0002505
-0.0013383
-0.0015307
0.0011676
-0.0007903
-0.0027705
-0.0006204
-0.0013994
0.0001219
0.0010498
0.0001055
-0.0013143
-0.0006034
-0.0023568
0.0027043
0.0033818
0.0039960
0.0028709
0.0017724
0.0025592
0.0026881
0.0027312
0.0003863
-0.0002759
-0.0002758
0.0010076
0.0012131
-0.0005551
-0.0007025
0.0001009
-0.0029209
-0.0007759
0.0011274
-0.0007280
0.0005118
0.0007068
-0.0000459
-0.0002833
0.0006723
0.0013998
0.0015836
0.0031448
0.0023288
0.0031972
0.0017445
0.0005232
0.0007423
0.0009879
-0.0011442
-0.0017864
-0.0021671
-0.0017269
-0.0004449
0.0014998
0.0023088
0.0026139
0.0001503
0.0007833
0.0001813
-0.0009954
0.0025859
-0.0000739
0.0001798
0.0017863
0.0002819
-0.0011859
0.0011846
0.0013478
0.0047006
0.0033607
0.0025733
0.0015251
0.0034144
0.0014592
0.0002048
0.0001100
0.0003416
-0.0000362
0.0018073
-0.0006493
-0.0021299
-0.0041824
-0.0027383
-0.0010019
-0.0000962
0.0014921
0.0031473
0.0015656
0.0019107
-0.0009063
0.0017260
-0.0002854
0.0004579
0.0004793
0.0004540
0.0003296
-0.0008413
-0.0015188
-0.0019138
-0.0004316
0.0009775
-0.0010705
0.0010308
-0.0004133
-0.0023827
0.0001340
0.0006338
-0.0019435
0.0009533
-0.0009408
0.0017443
0.0003936
-0.0002746
-0.0019070
0.0017300
-0.0000818
0.0020240
-0.0007051
-0.0015031
-0.0001840
-0.0010975
-0.0014241
-0.0002345
-0.0015777
-0.0014709
-0.0012700
0.0001957
-0.0005771
0.0001748
0.0028113
-0.0001148
-0.0005293
0.0008470
0.0002006
-0.0012963
0.0005615
-0.0000184
0.0000154
0.0014990
0.0010404
-0.0015679
-0.0001331
0.0001437
-0.0004946
-0.0006987
-0.0005984
0.0019993
0.0020298
0.0023141
0.0014152
-0.0002604
0.0026186
0.0025113
-0.0002017
-0.0005276
-0.0004079
-0.0027839
-0.0012684
0.0023913
0.0040916
0.0009181
-0.0005716
-0.0013330
0.0008982
-0.0005025
0.0003551
0.0041027
0.0029431
0.0023973
0.0016955
0.0011348
-0.0022623
-0.0019013
0.0004460
-0.0018118
-0.0010963
0.0007501
0.0035185
0.0012063
0.0025359
0.0029417
0.0005114
0.0015902
0.0017394
-0.0000172
0.0006893
0.0023019
0.0021759
0.0012973
0.0008650
-0.0004087
0.0011616
-0.0008840
-0.0012772
0.0021179
0.0011622
-0.0013038
-0.0001084
-0.0012912
-0.0030207
-0.0018017
-0.0010423
-0.0007276
-0.0005769
-0.0005793
0.0011731
-0.0001892
-0.0013307
-0.0014055
0.0004096
-0.0005678
-0.0007640
-0.0034455
-0.0020819
-0.0019183
-0.0005304
0.0028549
0.0018421
0.0008196
0.0001882
-0.0004908
0.0025096
0.0022523
0.0004235
0.0009872
-0.0002321
0.0004728
-0.0008492
-0.0026672
-0.0031285
-0.0013106
-0.0011896
-0.0015295
-0.0007726
-0.0001562
0.0003494
-0.0007323
-0.0007013
-0.0018391
-0.0002382
-0.0016988
-0.0022638
-0.0012881
0.0022335
0.0026443
0.0002424
0.0017919
-0.0012715
-0.0003558
-0.0024862
-0.0005171
-0.0029744
-0.0013355
0.0009284
0.0018960
-0.0010682
0.0003567
-0.0001468
-0.0006420
-0.0003917
-0.0004844
-0.0003753
0.0000009
0.0012222
0.0028737
0.0010151
0.0028895
0.0018057
0.0010635
-0.0002255
-0.0007608
-0.0008607
-0.0016906
0.0011418
0.0006308
0.0012249
0.0007959
0.0014179
-0.0010420
-0.0022393
-0.0007266
-0.0006409
0.0005762
-0.0021762
-0.0014610
-0.0030127
-0.0004152
-0.0008097
-0.0012190
-0.0000623
0.0005035
-0.0011683
0.0002521
0.0013828
0.0004915
0.0011703
0.0005989
-0.0013048
-0.0002517
-0.0004391
0.0004101
0.0001620
-0.0006348
-0.0008932
-0.0019579
-0.0010879
-0.0010364
0.0002720
-0.0001148
-0.0008652
0.0008155
-0.0005435
-0.0006315
-0.0001713
0.0013869
0.0011544
0.0007421
-0.0006474
0.0002525
-0.0004113
0.0004910
-0.0021999
-0.0026489
0.0000628
0.0014375
-0.0006946
-0.0007608
0.0034798
0.0020382
-0.0003486
0.0019451
0.0006271
-0.0008367
0.0002546
-0.0019539
-0.0017038
-0.0031579
-0.0007034
0.0015681
0.0008442
0.0001045
-0.0009310
0.0002537
0.0008241
0.0014158
0.0029326
0.0013785
0.0024603
0.0004149
-0.0009862
0.0002037
-0.0005369
-0.0007850
0.0004422
-0.0010949
-0.0018512
-0.0022300
-0.0012455
0.0026488
0.0008301
0.0008548
-0.0010788
-0.0001306
-0.0014207
-0.0000709
0.0022049
0.0000561
0.0012711
0.0013418
-0.0013185
-0.0007332
-0.0029281
-0.0010091
-0.0011308
0.0013426
0.0001611
0.0002424
0.0012810
0.0023055
0.0016854
-0.0019587
-0.0006182
-0.0005937
0.0013969
0.0011075
-0.0011216
-0.0019387
-0.0001885
-0.0002468
0.0011396
-0.0007331
0.0000680
-0.0012064
-0.0019755
-0.0029273
-0.0019619
-0.0039924
-0.0025548
-0.0017618
0.0014634
0.0021805
0.0033409
0.0019940
0.0004225
0.0008358
0.0000420
0.0008771
0.0007608
0.0003387
0.0001526
0.0019235
0.0001502
-0.0015566
0.0005068
0.0014712
0.0011685
-0.0003951
-0.0009541
-0.0008806
-0.0019485
0.0000874
-0.0000825
-0.0014655
-0.0000259
-0.0021118
0.0011386
-0.0004722
-0.0004433
0.0007270
0.0006119
-0.0009449
-0.0018843
-0.0013592
-0.0020011
-0.0015031
0.0008295
0.0012886
0.0014459
0.0028884
0.0029042
0.0012199
-0.0003684
-0.0009552
-0.0015622
-0.0004171
-0.0003519
0.0013753
0.0011490
0.0010803
0.0036087
0.0022592
0.0011435
0.0010622
-0.0013611
0.0010542
0.0003031
0.0026884
0.0013531
0.0006901
0.0007292
-0.0004771
0.0002921
0.0011275
0.0002229
0.0021064
0.0010438
-0.0019774
-0.0013122
-0.0013812
-0.0014558
-0.0006731
0.0012881
0.0022575
0.0025146
0.0004030
-0.0015739
-0.0013441
-0.0015718
-0.0011044
-0.0007952
0.0017332
-0.0002390
-0.0004370
0.0020810
0.0012894
0.0011224
-0.0015989
-0.0009784
-0.0016818
-0.0018112
0.0012921
0.0023962
0.0016489
-0.0001053
-0.0008382
0.0010774
0.0014853
0.0007399
0.0005175
0.0004408
0.0005972
0.0014699
-0.0019201
-0.0017866
-0.0014701
-0.0009222
0.0004306
-0.0004886
0.0003084
0.0000004
0.0015094
0.0008678
0.0024007
0.0029288
0.0011026
0.0022700
0.0023655
0.0004761
-0.0007740
-0.0010168
0.0000891
0.0022966
0.0029921
0.0019389
0.0008601
0.0010773
-0.0009877
-0.0018465
-0.0039163
-0.0037735
-0.0022987
-0.0010887
-0.0028679
-0.0035792
0.0015805
0.0013787
0.0010504
0.0015027
0.0025751
0.0009283
0.0009815
-0.0000868
0.0002153
-0.0014185
0.0004890
0.0006128
0.0020374
0.0005513
0.0013638
-0.0020001
0.0021056
0.0031807
0.0023808
0.0016895
-0.0000169
-0.0011172
0.0004186
0.0001542
0.0017248
0.0025596
0.0035293
0.0008048
0.0005354
0.0000214
0.0003108
-0.0001717
0.0004418
-0.0001270
0.0027965
0.0020632
0.0013188
0.0007556
0.0015353
-0.0018825
-0.0004143
0.0001129
-0.0003499
-0.0019845
-0.0015843
-0.0006780
-0.0018428
-0.0009111
-0.0021444
-0.0030915
-0.0015456
-0.0003204
0.0011218
0.0012274
-0.0033623
-0.0018220
-0.0002764
-0.0003382
0.0009822
0.0012646
0.0021308
0.0053448
0.0006283
0.0019175
