1.0000000
0.8391111
0.7156496
0.6185712
0.5401122
0.4760637
0.4221751
0.3770313
0.3382603
0.3055810
0.2767254
0.2512669
0.2296916
0.2109414
0.1943370
0.1795640
0.1664733
0.1550429
0.1447147
0.1348001
0.1260151
0.1179922
0.1107612
0.1037436
0.0967759
0.0906404
0.0849978
0.0799837
0.0754018
0.0712938
0.0676214
0.0645712
0.0609303
0.0571983
0.0541427
0.0514865
0.0483980
0.0458840
0.0436288
0.0414924
0.0392896
0.0371088
0.0356601
0.0344075
0.0330068
0.0316847
0.0301272
0.0291814
0.0280129
0.0269345
0.0250665
0.0235877
0.0222235
0.0209617
0.0199096
0.0189027
0.0177846
0.0168899
0.0164823
0.0162987
0.0154334
0.0146056
0.0139643
0.0136445
0.0133241
0.0129989
0.0131041
0.0125745
0.0116788
0.0108075
0.0101082
0.0098218
0.0095297
0.0096033
0.0094069
0.0094470
0.0088467
0.0089378
0.0088644
0.0087137
0.0088319
0.0085492
0.0086458
0.0088937
0.0088225
0.0090422
0.0095663
0.0097639
0.0099805
0.0100660
0.0101508
0.0096955
0.0090491
0.0090149
0.0098203
0.0103663
0.0105669
0.0105431
0.0107028
0.0100953
0.0092547
0.0089803
0.0087431
0.0086522
0.0081895
0.0075093
0.0074688
0.0063460
0.0048913
0.0039027
0.0034588
0.0030052
0.0030121
0.0025718
0.0018020
0.0007825
0.0005691
0.0015628
0.0021149
0.0022582
0.0026369
0.0033317
0.0038855
0.0036049
0.0034746
0.0043217
0.0053727
0.0062530
0.0066455
0.0067867
0.0069203
0.0064648
0.0062206
0.0056096
0.0057258
0.0056906
0.0054255
0.0051737
0.0045298
0.0038197
0.0034723
0.0036855
0.0035057
0.0035477
0.0032437
0.0024409
0.0015443
0.0003764
-0.0007466
-0.0022461
-0.0033363
-0.0047016
-0.0064544
-0.0068642
-0.0071882
-0.0072947
-0.0069218
-0.0067602
-0.0074176
-0.0080844
-0.0091046
-0.0095648
-0.0096878
-0.0092397
-0.0084679
-0.0079637
-0.0072930
-0.0068054
-0.0063554
-0.0058263
-0.0056808
-0.0056445
-0.0051720
-0.0047257
-0.0045045
-0.0044325
-0.0040198
-0.0035125
-0.0028345
-0.0026059
-0.0027202
-0.0033878
-0.0040146
-0.0040052
-0.0043597
-0.0046299
-0.0045306
-0.0033722
-0.0026826
-0.0022365
-0.0016123
-0.0010369
-0.0006837
-0.0010502
-0.0009839
-0.0017286
-0.0021713
-0.0024973
-0.0024315
-0.0017588
-0.0011972
-0.0006931
-0.0005423
-0.0004021
0.0004179
0.0007852
0.0012515
0.0016718
0.0021868
0.0023409
0.0023557
0.0026516
0.0026331
0.0026091
0.0032251
0.0034446
0.0035347
0.0041655
0.0038563
0.0033218
0.0034623
0.0039732
0.0046658
0.0055224
0.0064073
0.0071011
0.0079283
0.0082107
0.0084192
0.0085480
0.0085698
0.0081894
0.0084195
0.0085087
0.0084653
0.0089978
0.0093261
0.0087644
0.0079419
0.0072013
0.0072973
0.0073315
0.0069588
0.0062282
0.0057811
0.0048824
0.0039103
0.0031537
0.0028568
0.0030967
0.0030114
0.0031695
0.0028690
0.0027598
0.0023909
0.0031776
0.0034671
0.0033090
0.0032419
0.0037154
0.0037712
0.0041462
0.0036047
0.0030448
0.0027780
0.0024804
0.0019008
0.0015836
0.0019588
0.0014937
0.0010996
0.0004561
-0.0004276
-0.0005117
0.0000566
0.0006367
0.0007539
0.0011312
0.0017618
0.0018782
0.0022084
0.0030727
0.0034509
0.0040763
0.0042885
0.0046519
0.0039879
0.0035847
0.0035966
0.0034237
0.0039985
0.0043281
0.0045305
0.0041397
0.0034472
0.0033807
0.0027949
0.0020781
0.0017268
0.0017261
0.0017431
0.0016614
0.0007551
-0.0001248
-0.0008175
-0.0012309
-0.0013683
-0.0011970
-0.0015318
-0.0018910
-0.0019818
-0.0020103
-0.0019705
-0.0019509
-0.0020210
-0.0019730
-0.0018482
-0.0015160
-0.0014186
-0.0013483
-0.0014398
-0.0017304
-0.0016858
-0.0006824
0.0005319
0.0010348
0.0016698
0.0024252
0.0032342
0.0036267
0.0037692
0.0043870
0.0048550
0.0051966
0.0051196
0.0047569
0.0043108
0.0045462
0.0045832
0.0048746
0.0050295
0.0049249
0.0050556
0.0052935
0.0053857
0.0047930
0.0039161
0.0032845
0.0035411
0.0039213
0.0039768
0.0040673
0.0039748
0.0040073
0.0037613
0.0034763
0.0026725
0.0022954
0.0020554
0.0016321
0.0009493
0.0002584
0.0007572
0.0010015
0.0010212
0.0014490
0.0021212
0.0030469
0.0034830
0.0030164
0.0031929
0.0026633
0.0024720
0.0027586
0.0035078
0.0043010
0.0050836
0.0054843
0.0056472
0.0048668
0.0047455
0.0045550
0.0045853
0.0042848
0.0041135
0.0037283
0.0032129
0.0020609
0.0009464
0.0004055
0.0001003
0.0000917
0.0006683
0.0008753
0.0009366
0.0012684
0.0014519
0.0015752
0.0017891
0.0023042
0.0030294
0.0038405
0.0049923
0.0057850
0.0062220
0.0070664
0.0079902
0.0085680
0.0078429
0.0073451
0.0069763
0.0072825
0.0074940
0.0081902
0.0079014
0.0074917
0.0072766
0.0076199
0.0076528
0.0080389
0.0072141
0.0062576
0.0057475
0.0052451
0.0046804
0.0043818
0.0039901
0.0042964
0.0037566
0.0041978
0.0045735
0.0054855
0.0059492
0.0060455
0.0059285
0.0053195
0.0049906
0.0048954
0.0047694
0.0045876
0.0048608
0.0046153
0.0050338
0.0057305
0.0057719
0.0057121
0.0050110
0.0046336
0.0042681
0.0045148
0.0052906
0.0053239
0.0048848
0.0052096
0.0056234
0.0060227
0.0057312
0.0051790
0.0047892
0.0042752
0.0043370
0.0045071
0.0041795
0.0043518
0.0047601
0.0052717
0.0053825
0.0053147
0.0052978
0.0061763
0.0071562
0.0081815
0.0079597
0.0071123
0.0064835
0.0054906
0.0042706
0.0030254
0.0015884
0.0010952
0.0001696
-0.0000588
0.0000622
0.0000959
-0.0000681
-0.0003765
-0.0002698
0.0003033
0.0009246
0.0017999
0.0024004
0.0026733
0.0023640
0.0025315
0.0018122
0.0011396
0.0007128
0.0000551
-0.0007540
-0.0015142
-0.0021369
-0.0032416
-0.0038210
-0.0039432
-0.0041535
-0.0047778
-0.0046141
-0.0046330
-0.0049514
-0.0048865
-0.0049407
-0.0051340
-0.0049614
-0.0052746
-0.0065181
-0.0073596
-0.0072333
-0.0077932
-0.0081957
-0.0079142
-0.0072894
-0.0062301
-0.0056145
-0.0053621
-0.0041200
-0.0037139
-0.0025162
-0.0012632
-0.0000392
0.0005470
0.0009916
0.0008652
0.0013999
0.0016122
0.0020385
0.0028593
0.0029382
0.0025073
0.0028638
0.0028282
0.0027086
0.0025647
0.0021107
0.0017359
0.0015837
0.0010357
0.0000994
-0.0006557
-0.0012231
-0.0017632
-0.0024169
-0.0028938
-0.0039316
-0.0039092
-0.0033888
-0.0031213
-0.0035742
-0.0041539
-0.0046319
-0.0055130
-0.0062003
-0.0068753
-0.0078051
-0.0082538
-0.0092168
-0.0097855
-0.0099020
-0.0103310
-0.0100567
-0.0093669
-0.0092312
-0.0089421
-0.0082027
-0.0073224
-0.0069161
-0.0068090
-0.0069695
-0.0065662
-0.0075727
-0.0083023
-0.0084702
-0.0083444
-0.0082191
-0.0074335
-0.0070109
-0.0065897
-0.0059824
-0.0056285
-0.0042753
-0.0030399
-0.0020747
-0.0009268
0.0001033
0.0009292
0.0019743
0.0022530
0.0020337
0.0021930
0.0014175
0.0018467
0.0019077
0.0019939
0.0016353
0.0016121
0.0022374
0.0028762
0.0035612
0.0037886
0.0039123
0.0043618
0.0051982
0.0056347
0.0057905
0.0061788
0.0066228
0.0071982
0.0082173
0.0082820
0.0077865
0.0071293
0.0071087
0.0073090
0.0074760
0.0070278
0.0070192
0.0063749
0.0067703
0.0062004
0.0064176
0.0060453
0.0055646
0.0055763
0.0064517
0.0065462
0.0065588
0.0064542
0.0061306
0.0062133
0.0069181
0.0080159
0.0091324
0.0094511
0.0093783
0.0087465
0.0087732
0.0085648
0.0081190
0.0075487
0.0065081
0.0052905
0.0042839
0.0037844
0.0039222
0.0043523
0.0049479
0.0053297
0.0054628
0.0054056
0.0051663
0.0052785
0.0053560
0.0058873
0.0065913
0.0065559
0.0065024
0.0061420
0.0055456
0.0055162
0.0052859
0.0054822
0.0054132
0.0052553
0.0044810
0.0039362
0.0035994
0.0034784
0.0030105
0.0026465
0.0029209
0.0028142
0.0022043
0.0017499
0.0016822
0.0015955
0.0014706
0.0010946
0.0013399
0.0015970
0.0016841
0.0023858
0.0029638
0.0034392
0.0034690
0.0029318
0.0026519
0.0025191
0.0018728
0.0017734
0.0019818
0.0016433
0.0009834
0.0012231
0.0012212
0.0012341
0.0009625
0.0010075
0.0010949
0.0010330
0.0009669
0.0009196
-0.0004203
-0.0007144
-0.0009866
-0.0017759
-0.0017093
-0.0022617
-0.0034371
-0.0039682
-0.0035045
-0.0034002
-0.0030024
-0.0035173
-0.0040613
-0.0043826
-0.0041566
-0.0040376
-0.0034551
-0.0029756
-0.0025045
-0.0018881
-0.0021333
-0.0024368
-0.0023797
-0.0020497
-0.0017877
-0.0015122
-0.0004691
0.0002361
0.0007116
0.0011686
0.0015543
0.0017731
0.0015835
0.0016585
0.0012715
0.0004556
0.0003200
-0.0001304
-0.0008575
-0.0018459
-0.0031123
-0.0041267
-0.0045508
-0.0049621
-0.0053735
-0.0059090
-0.0063435
-0.0063645
-0.0068923
-0.0058877
-0.0054411
-0.0057837
-0.0059058
-0.0061123
-0.0057642
-0.0054493
-0.0042759
-0.0033726
-0.0027762
-0.0017414
-0.0017191
-0.0015339
-0.0015331
-0.0013946
-0.0008857
-0.0009024
-0.0007353
-0.0008458
-0.0002595
-0.0003517
0.0002726
0.0009204
0.0014155
0.0020158
0.0019087
0.0020884
0.0016974
0.0015583
0.0018463
0.0015221
0.0010681
0.0007588
0.0011076
0.0014883
0.0019655
0.0029234
0.0034481
0.0040164
0.0040882
0.0039602
0.0040638
0.0039950
0.0037974
0.0048885
0.0060001
0.0058288
0.0054814
0.0055060
0.0054550
0.0053600
0.0054312
0.0051270
0.0045409
0.0038737
0.0038175
0.0043392
0.0051200
0.0057277
0.0057742
0.0064943
0.0072952
0.0082472
0.0090494
0.0094786
0.0094179
0.0098734
0.0092170
0.0086690
0.0082986
0.0076171
0.0065239
0.0055499
0.0045951
0.0038333
0.0030650
0.0021795
0.0012131
0.0005632
-0.0002469
-0.0009466
-0.0003295
-0.0008120
-0.0018575
-0.0028438
-0.0039060
-0.0049592
-0.0053091
-0.0060004
-0.0057424
-0.0053732
-0.0048471
-0.0043951
-0.0035179
-0.0022324
-0.0013829
-0.0001282
0.0008577
0.0018894
0.0030460
0.0036115
0.0042864
0.0044222
0.0037422
0.0030452
0.0026156
0.0021845
0.0023301
0.0022193
0.0020514
0.0022852
0.0024242
0.0030289
0.0026154
0.0029927
0.0031978
0.0035966
0.0038362
0.0039560
0.0046815
0.0055010
0.0057990
0.0056717
0.0054120
0.0055416
0.0059186
0.0063838
0.0071944
0.0073762
0.0077638
0.0072896
0.0062936
0.0060343
0.0055671
0.0046320
0.0040249
0.0039448
0.0045818
0.0052468
0.0056758
0.0056233
0.0053487
0.0044221
0.0039012
0.0032692
0.0027227
0.0023886
0.0018597
0.0019987
0.0020295
0.0026172
0.0025930
0.0031443
0.0028999
0.0028152
0.0021292
0.0017825
0.0021441
0.0023706
0.0025748
0.0031521
0.0038251
0.0043475
0.0049504
0.0054200
0.0064347
0.0065014
0.0061260
0.0058119
0.0061168
0.0058451
0.0050870
0.0040809
0.0034724
0.0033355
0.0038646
0.0042562
0.0039376
0.0039412
0.0035564
0.0032827
0.0033420
0.0036016
0.0039562
0.0044416
0.0049175
0.0055677
0.0059786
0.0062503
0.0061598
0.0058042
0.0049301
0.0049234
0.0049668
0.0055693
0.0055427
0.0060683
0.0073100
0.0076391
0.0077688
0.0074191
0.0070622
0.0069296
0.0055887
0.0050238
0.0043582
0.0041781
0.0039997
0.0039494
0.0029871
0.0030940
0.0031777
0.0034482
0.0038102
0.0042899
0.0049054
0.0053044
0.0052321
0.0059719
0.0057617
0.0053492
0.0045237
0.0038436
0.0037226
0.0033240
0.0026866
0.0023744
0.0024636
0.0023764
0.0019981
0.0017195
0.0023050
0.0023299
0.0023256
0.0023731
0.0023253
0.0025036
0.0025517
0.0027034
0.0028770
0.0023978
0.0017524
0.0011799
0.0012526
0.0014065
0.0007657
0.0006618
0.0014101
0.0024358
0.0032698
0.0037582
0.0037038
0.0035274
0.0038301
0.0041578
0.0041215
0.0042264
0.0045309
0.0047108
0.0046732
0.0048784
0.0051704
0.0050713
0.0057884
0.0051871
0.0045513
0.0042559
0.0041837
0.0045858
0.0040275
0.0039911
0.0027888
0.0022399
0.0016352
0.0009221
0.0006127
0.0002753
0.0005300
0.0002226
0.0002528
0.0006927
0.0012482
0.0020430
0.0020875
0.0027284
0.0031520
0.0025404
0.0017238
0.0013705
0.0015396
0.0023251
0.0030991
0.0035009
0.0034253
0.0027231
0.0014784
0.0004853
0.0001693
0.0008644
0.0013570
0.0022147
0.0024305
0.0028225
0.0033097
0.0031428
0.0037808
0.0046118
0.0048069
0.0050258
0.0055583
0.0070941
0.0087132
0.0094973
0.0095453
0.0089895
0.0084723
0.0083401
0.0081155
0.0077609
0.0072933
0.0073536
0.0077987
0.0073761
0.0075747
0.0075005
0.0068258
0.0062637
0.0051619
0.0041650
0.0037908
0.0034716
0.0029227
0.0024209
0.0015425
0.0000369
-0.0007237
-0.0014253
-0.0019113
-0.0018265
-0.0021968
-0.0029828
-0.0039578
-0.0035135
-0.0029401
-0.0022521
-0.0022752
-0.0017407
-0.0015777
-0.0007673
-0.0004307
0.0000339
0.0002080
0.0003114
0.0007749
0.0011516
0.0010858
0.0010333
0.0012035
0.0016185
0.0018566
0.0023068
0.0029847
0.0035395
0.0042462
0.0047260
0.0049573
0.0051647
0.0055827
0.0061441
0.0065700
0.0070201
0.0069733
0.0073800
0.0072618
0.0074801
0.0076406
0.0082415
0.0082172
0.0081338
0.0079822
0.0069798
0.0060327
0.0047967
0.0038920
0.0031811
0.0026676
0.0021185
0.0018041
0.0008026
-0.0002402
-0.0012691
-0.0011362
-0.0009903
-0.0005223
0.0003595
0.0007433
0.0001091
-0.0004892
-0.0016193
-0.0026621
-0.0029134
-0.0030607
-0.0028286
-0.0021379
-0.0013234
-0.0006203
0.0002482
0.0009296
0.0006913
0.0009949
0.0013368
0.0023257
0.0035231
0.0035641
0.0037340
0.0044067
0.0038519
0.0033917
0.0025352
0.0016504
0.0009732
0.0000105
-0.0002011
0.0000258
0.0002967
0.0002818
0.0007692
0.0018377
0.0031939
0.0044796
0.0051920
0.0058392
0.0066642
0.0069061
0.0073366
0.0073232
0.0072590
0.0064932
0.0056082
0.0039186
0.0029402
0.0022530
0.0012301
-0.0000988
-0.0010021
-0.0012012
-0.0010135
-0.0010311
-0.0007283
-0.0005774
-0.0010100
-0.0006170
-0.0001952
-0.0000444
0.0000384
0.0000157
-0.0000123
-0.0000515
-0.0002490
0.0006987
0.0012305
0.0010749
0.0008583
0.0004276
-0.0005850
-0.0010139
-0.0019795
-0.0029496
-0.0044499
-0.0050163
-0.0055533
-0.0053787
-0.0048717
-0.0045226
-0.0042394
-0.0035677
-0.0023506
-0.0011579
-0.0007312
-0.0001588
0.0001051
0.0005004
0.0012053
0.0013439
0.0018436
0.0025146
0.0031979
0.0031183
0.0028190
0.0021833
0.0019602
0.0021366
0.0026960
0.0032426
0.0042721
0.0053089
0.0061870
0.0072276
0.0070770
0.0070979
0.0075836
0.0075890
0.0071653
0.0067246
0.0064911
0.0066493
0.0070785
0.0069239
0.0066093
0.0067218
0.0067345
0.0065772
0.0064340
0.0059392
0.0059614
0.0053595
0.0042422
0.0034476
0.0031471
0.0020506
0.0009499
0.0000444
-0.0008685
-0.0011554
-0.0015190
-0.0016455
-0.0018433
-0.0013376
-0.0004034
-0.0000933
0.0005466
0.0011549
0.0004885
-0.0003008
-0.0002912
0.0000483
0.0000060
0.0004307
-0.0003431
-0.0009066
-0.0004654
0.0002596
0.0012293
0.0020964
0.0020322
0.0012072
0.0005215
0.0003059
0.0003781
0.0006146
0.0009975
0.0015261
0.0017165
0.0024751
0.0024453
0.0022057
0.0017300
0.0011533
0.0018913
0.0021037
0.0023501
0.0025565
0.0020156
0.0020413
0.0023341
0.0023803
0.0020573
0.0017417
0.0020577
0.0027617
0.0033872
0.0030533
0.0025913
0.0024711
0.0031570
0.0037233
0.0036818
0.0039854
0.0038886
0.0042837
0.0049137
0.0058436
0.0062288
0.0062827
0.0062654
0.0061287
0.0057376
0.0053387
0.0052556
0.0050984
0.0042537
0.0030954
0.0024729
0.0030509
0.0025994
0.0029209
0.0026580
0.0025845
0.0021152
0.0018458
0.0014432
0.0011837
0.0009387
0.0002422
-0.0000634
-0.0002816
-0.0015780
-0.0024520
-0.0027543
-0.0028796
-0.0029126
-0.0022765
-0.0020602
-0.0019195
-0.0024794
-0.0026591
-0.0027931
-0.0024418
-0.0017846
-0.0014710
-0.0015583
-0.0017166
-0.0023809
-0.0027236
-0.0028945
-0.0026116
-0.0023666
-0.0020946
-0.0020497
-0.0016165
-0.0014515
-0.0006451
0.0003382
0.0009522
0.0019021
0.0020421
0.0027483
0.0028937
0.0034432
0.0046632
0.0061415
0.0071924
0.0072611
0.0081282
0.0079819
0.0077298
0.0071591
0.0073339
0.0069497
0.0069147
0.0068374
0.0070204
0.0074364
0.0071745
0.0068569
0.0061507
0.0060168
0.0064777
0.0064273
0.0055327
0.0046531
0.0038827
0.0035604
0.0033250
0.0026313
0.0021822
0.0027096
0.0038727
0.0049488
0.0058111
0.0063662
0.0059507
0.0052998
0.0048607
0.0043975
0.0039952
0.0039444
0.0038245
0.0028420
0.0021342
0.0017063
0.0015609
0.0017164
0.0017348
0.0016327
0.0009630
0.0003232
0.0001917
-0.0003267
-0.0014454
-0.0020393
-0.0030402
-0.0030733
-0.0029811
-0.0021787
-0.0016750
-0.0016190
-0.0014959
-0.0014639
-0.0014924
-0.0016166
-0.0015194
-0.0013639
-0.0014552
-0.0010836
-0.0018392
-0.0024456
-0.0023651
-0.0017264
-0.0010336
-0.0004595
-0.0000935
0.0006787
0.0008469
0.0005377
0.0008996
0.0010456
0.0005895
0.0004867
0.0005405
0.0001098
-0.0005917
-0.0010977
-0.0018101
-0.0023642
-0.0029822
-0.0034563
-0.0042783
-0.0045884
-0.0036740
-0.0029582
-0.0023747
-0.0024631
-0.0031201
-0.0038387
-0.0034449
-0.0040012
-0.0042129
-0.0041474
-0.0044454
-0.0045402
-0.0048322
-0.0046210
-0.0042008
-0.0030108
-0.0019838
-0.0015254
-0.0020142
-0.0026939
-0.0034343
-0.0038276
-0.0044020
-0.0046950
-0.0050512
-0.0046735
-0.0051497
-0.0056340
-0.0057211
-0.0052334
-0.0050767
-0.0058324
-0.0061005
-0.0059629
-0.0051407
-0.0043204
-0.0039852
-0.0040278
-0.0036154
-0.0038538
-0.0043997
-0.0051832
-0.0059380
-0.0062979
-0.0058335
-0.0059608
-0.0066739
-0.0070770
-0.0074334
-0.0083748
-0.0086777
-0.0083789
-0.0072077
-0.0068073
-0.0060934
-0.0051198
-0.0045518
-0.0043193
-0.0038239
-0.0039798
-0.0039030
-0.0036932
-0.0034882
-0.0039813
-0.0039445
-0.0040793
-0.0044580
-0.0048274
-0.0047530
-0.0045029
-0.0044132
-0.0037178
-0.0034633
-0.0029552
-0.0033187
-0.0034919
-0.0035598
-0.0034249
-0.0033557
-0.0028644
-0.0026139
-0.0019496
-0.0012085
-0.0006299
-0.0000952
0.0006992
0.0012028
0.0015881
0.0012455
0.0009620
0.0004443
0.0004846
-0.0003635
-0.0018630
-0.0027048
-0.0033267
-0.0031788
-0.0024837
-0.0019854
-0.0015272
-0.0012334
-0.0012669
-0.0018913
-0.0022463
-0.0022137
-0.0019679
-0.0012834
-0.0005473
0.0003497
0.0009375
0.0006404
0.0005343
0.0003903
0.0002342
-0.0002726
-0.0004759
-0.0009491
-0.0008727
-0.0000865
0.0008303
0.0021062
0.0039853
0.0045909
0.0046759
0.0049273
0.0048142
0.0047250
0.0039629
0.0034231
0.0032247
0.0033374
0.0037315
0.0031795
0.0020324
0.0012114
0.0005997
0.0008673
0.0015928
0.0018443
0.0013760
0.0014386
0.0010049
0.0003288
-0.0001032
-0.0003856
-0.0001983
-0.0000812
0.0003719
0.0011398
0.0015631
0.0021536
0.0024173
0.0023241
0.0018995
0.0008301
0.0002172
0.0012119
0.0021348
0.0026984
0.0040302
0.0044878
0.0048713
0.0056683
0.0066169
0.0071544
0.0073307
0.0072627
0.0074350
0.0070189
0.0065505
0.0061787
0.0060880
0.0068261
0.0068596
0.0066522
0.0058045
0.0051856
0.0041137
0.0032472
0.0023912
0.0022476
0.0026986
0.0035680
0.0042492
0.0046467
0.0050088
0.0047737
0.0049053
0.0054852
0.0052117
0.0052069
0.0053980
0.0051430
0.0043085
0.0040633
0.0041423
0.0040710
0.0034810
0.0032999
0.0028444
0.0024179
0.0022127
0.0020449
0.0016855
0.0017462
0.0015672
0.0021002
0.0025200
0.0031124
0.0031860
0.0032256
0.0030847
0.0029444
0.0025942
0.0016952
0.0013362
0.0010917
0.0008413
0.0008516
0.0008290
0.0003871
0.0002037
-0.0005013
-0.0005862
0.0001374
0.0010452
0.0016487
0.0018778
0.0020831
0.0026675
0.0028416
0.0034573
0.0041921
0.0044172
0.0046785
0.0049571
0.0047168
0.0045574
0.0054395
0.0060385
0.0068415
0.0071982
0.0074096
0.0073915
0.0069713
0.0057952
0.0050961
0.0045167
0.0037007
0.0035987
0.0030207
0.0026548
0.0019550
0.0018231
0.0014206
0.0006886
-0.0000756
-0.0005560
-0.0013796
-0.0018344
-0.0014353
-0.0012860
-0.0007804
-0.0001358
0.0001127
0.0009585
0.0013972
0.0019939
0.0021922
0.0021996
0.0015243
0.0008018
0.0009014
0.0011264
0.0013052
0.0009514
0.0004104
0.0005889
0.0002537
0.0000273
-0.0001194
-0.0001901
-0.0011579
-0.0019036
-0.0028210
-0.0041869
-0.0046299
-0.0051533
-0.0050615
-0.0053822
-0.0045472
-0.0043108
-0.0042510
-0.0044452
-0.0048870
-0.0052729
-0.0051161
-0.0051432
-0.0053895
-0.0049445
-0.0044027
-0.0039859
-0.0035773
-0.0029350
-0.0029361
-0.0035033
-0.0036141
-0.0041586
-0.0038791
-0.0033642
-0.0033998
-0.0033514
-0.0027437
-0.0031216
-0.0029630
-0.0025689
-0.0026956
-0.0025766
-0.0027730
-0.0026928
-0.0024858
-0.0021104
-0.0014818
-0.0011566
-0.0007099
-0.0007724
-0.0001077
0.0001826
-0.0000256
-0.0006141
-0.0014889
-0.0022286
-0.0027244
-0.0022770
-0.0017678
-0.0011647
-0.0007512
-0.0006706
-0.0005554
0.0002501
0.0007751
0.0012319
0.0010461
0.0014440
0.0020386
0.0029343
0.0038144
0.0039614
0.0042216
0.0052227
0.0060989
0.0059720
0.0047370
0.0042160
0.0040169
0.0043372
0.0040324
0.0046506
0.0052504
0.0056469
0.0062166
0.0062662
0.0054896
0.0044588
0.0035859
0.0023390
0.0013476
0.0004262
-0.0005139
-0.0010526
-0.0014182
-0.0027039
-0.0030339
-0.0037639
-0.0047584
-0.0059038
-0.0066413
-0.0065988
-0.0064699
-0.0065816
-0.0060607
-0.0057117
-0.0053747
-0.0045825
-0.0045320
-0.0046178
-0.0046242
-0.0049449
-0.0056810
-0.0067040
-0.0074628
-0.0079310
-0.0081754
-0.0081669
-0.0074084
-0.0063568
-0.0058968
-0.0055436
-0.0052417
-0.0051174
-0.0050332
-0.0049193
-0.0043863
-0.0038291
-0.0032133
-0.0028177
-0.0024659
-0.0016414
-0.0019415
-0.0026396
-0.0029888
-0.0024456
-0.0021187
-0.0015509
-0.0015510
-0.0019964
-0.0022938
-0.0026962
-0.0031465
-0.0032693
-0.0039259
-0.0040744
-0.0039319
-0.0037397
-0.0030718
-0.0021406
-0.0014063
-0.0012005
-0.0006630
-0.0006113
-0.0004143
-0.0001303
-0.0004083
-0.0012055
-0.0013275
-0.0018755
-0.0023808
-0.0028219
-0.0033573
-0.0038511
-0.0035485
-0.0029344
-0.0020261
-0.0015420
-0.0006214
0.0004794
0.0011488
0.0019317
0.0031011
0.0039500
0.0044140
0.0045719
0.0042843
0.0044369
0.0045944
0.0045318
0.0045380
0.0039421
0.0036359
0.0032372
0.0036365
0.0041293
0.0043335
0.0044393
0.0037487
0.0038096
0.0038143
0.0041630
0.0047541
0.0044309
0.0038940
0.0032783
0.0026637
0.0024352
0.0012839
0.0001428
-0.0013475
-0.0022304
-0.0028012
-0.0030997
-0.0036844
-0.0041426
-0.0055802
-0.0061433
-0.0065283
-0.0066861
-0.0068585
-0.0071119
-0.0074277
-0.0081449
-0.0077821
-0.0072890
-0.0069730
-0.0071300
-0.0072755
-0.0074419
-0.0077894
-0.0089354
-0.0090063
-0.0090524
-0.0090621
-0.0087978
-0.0081895
-0.0074544
-0.0059746
-0.0039395
-0.0033766
-0.0027903
-0.0020616
-0.0024255
-0.0024284
-0.0029712
-0.0030176
-0.0035055
-0.0033989
-0.0029396
-0.0031103
-0.0033276
-0.0029333
-0.0028109
-0.0022362
-0.0012945
-0.0001200
0.0007765
0.0018055
0.0025707
0.0030698
0.0036205
0.0047167
0.0050737
0.0048820
0.0054205
0.0054155
0.0053170
0.0047557
0.0039329
0.0025791
0.0021872
0.0019619
0.0015395
0.0012598
0.0005244
-0.0003674
-0.0008598
-0.0007724
-0.0011252
-0.0014811
-0.0020290
-0.0019701
-0.0017403
-0.0013347
-0.0012879
-0.0006327
-0.0008219
-0.0002615
0.0000667
0.0004622
-0.0000195
0.0002971
0.0005496
0.0002774
0.0000281
-0.0000517
-0.0003114
-0.0004609
-0.0010904
-0.0016634
-0.0017708
-0.0018792
-0.0019785
-0.0020131
-0.0021668
-0.0013669
-0.0006402
0.0003382
0.0009496
0.0009969
0.0010610
0.0015794
0.0014757
0.0017876
0.0028741
0.0038416
0.0040304
0.0043247
0.0042996
0.0036211
0.0031642
0.0026203
0.0019146
0.0019131
0.0028472
0.0038521
0.0044717
0.0053731
0.0053410
0.0049733
0.0049612
0.0049489
0.0049248
0.0042485
0.0043290
0.0045288
0.0043619
0.0038658
0.0036583
0.0037553
0.0039350
0.0040182
0.0042298
0.0038857
0.0036689
0.0041004
0.0047122
0.0052668
0.0051604
0.0051740
0.0048488
0.0041284
0.0039704
0.0034934
0.0024259
0.0013576
0.0003852
0.0001095
-0.0004712
-0.0007219
-0.0006479
-0.0010903
-0.0007500
-0.0000719
0.0001442
-0.0000335
0.0001542
-0.0002534
-0.0001288
0.0000368
0.0000479
-0.0001113
-0.0001062
0.0000110
0.0002070
0.0003142
-0.0006410
-0.0006425
-0.0001630
0.0007748
0.0008243
0.0002365
-0.0001460
-0.0004251
-0.0005530
-0.0002785
-0.0002321
-0.0002130
-0.0009181
-0.0011039
-0.0016016
-0.0018752
-0.0019265
-0.0015869
-0.0012931
-0.0005496
-0.0004428
0.0001550
0.0005354
0.0008234
0.0010393
0.0001554
-0.0004848
-0.0015748
-0.0017709
-0.0013955
-0.0006802
-0.0002554
0.0000265
0.0001505
0.0006997
0.0012042
0.0018434
0.0023623
0.0029501
0.0030348
0.0025343
0.0024111
0.0022683
0.0018881
0.0010030
0.0006101
0.0004048
0.0006566
0.0009982
0.0012548
0.0013266
0.0013359
0.0007707
0.0006686
0.0010154
0.0014957
0.0014753
0.0020953
0.0029917
0.0031648
0.0033401
0.0036112
0.0037232
0.0032702
0.0024051
0.0018879
0.0010375
0.0004742
-0.0002939
-0.0004453
-0.0003407
-0.0003499
0.0002800
0.0001902
-0.0002595
-0.0003120
0.0004585
0.0009834
0.0008754
0.0004755
0.0007221
0.0002090
0.0001356
-0.0002316
-0.0005116
-0.0008725
-0.0009025
-0.0014670
-0.0021952
-0.0026640
-0.0024502
-0.0018585
-0.0016705
-0.0017275
-0.0018137
-0.0017702
-0.0015687
-0.0011134
-0.0007455
-0.0005544
-0.0000329
0.0012890
0.0022459
0.0026961
0.0037272
0.0039363
0.0033456
0.0031536
0.0025924
0.0027616
0.0038572
0.0040880
0.0041547
0.0039012
0.0034503
0.0040679
0.0045028
0.0043618
0.0037875
0.0029646
0.0025852
0.0028126
0.0029712
0.0024303
0.0017990
0.0003152
-0.0009781
-0.0021715
-0.0027908
-0.0027713
-0.0016473
-0.0006021
-0.0001206
0.0005316
0.0007830
0.0007438
0.0002226
0.0000118
-0.0002137
-0.0002594
-0.0001005
0.0001992
0.0009481
0.0007876
0.0008745
0.0015959
0.0016940
0.0026964
0.0027792
0.0034261
0.0037285
0.0038844
0.0034634
0.0029491
0.0029775
0.0023089
0.0016573
0.0014253
0.0020941
0.0026279
0.0027643
0.0029476
0.0025510
0.0023615
0.0019308
0.0013886
0.0010912
0.0007655
0.0008949
0.0013434
0.0011743
0.0010301
0.0001418
0.0003466
0.0008254
0.0013038
0.0016920
0.0013932
0.0000237
-0.0005175
-0.0004927
-0.0003924
-0.0002600
-0.0002297
-0.0003779
-0.0000139
0.0008176
0.0015095
0.0017684
0.0013939
0.0015101
0.0015709
0.0017913
0.0022377
0.0027999
0.0034005
0.0039269
0.0031161
0.0031042
0.0029464
0.0037547
0.0045284
0.0043687
0.0045614
0.0050144
0.0051671
0.0058676
0.0063422
0.0069499
0.0072775
0.0073446
0.0073040
0.0065245
0.0055634
0.0046936
0.0037185
0.0030085
0.0024972
0.0021247
0.0016378
0.0005937
0.0003278
0.0004811
0.0011334
0.0011545
0.0014068
0.0014107
0.0014809
0.0014253
0.0014079
0.0019986
0.0026323
0.0032156
0.0034811
0.0038545
0.0042064
0.0049045
0.0056117
0.0062221
0.0071430
0.0074851
0.0069972
0.0068221
0.0074040
0.0076441
0.0080876
0.0082432
0.0084252
0.0084675
0.0084697
0.0082609
0.0074836
0.0065521
0.0060148
0.0062590
0.0057150
0.0044694
0.0032513
0.0018706
0.0009654
0.0011961
0.0013034
0.0015058
0.0016541
0.0019325
0.0020481
0.0026062
0.0029510
0.0030431
0.0024470
0.0019924
0.0014021
0.0017474
0.0022872
0.0024946
0.0028628
0.0028838
0.0025022
0.0019576
0.0016542
0.0017476
0.0014553
0.0010719
0.0009825
0.0003958
-0.0002463
-0.0006133
-0.0007480
-0.0010735
-0.0012974
-0.0006782
-0.0003490
0.0003955
0.0009553
0.0018342
0.0026869
0.0037108
0.0042728
0.0044164
0.0048991
0.0050711
0.0051218
0.0054382
0.0054319
0.0049514
0.0048089
0.0042147
0.0039971
0.0032333
0.0023840
0.0010220
0.0003254
0.0001119
-0.0002466
-0.0001493
-0.0007111
-0.0012280
-0.0009224
-0.0001000
0.0004745
0.0004002
-0.0001041
-0.0002469
0.0003717
0.0006305
0.0014784
0.0018077
0.0018991
0.0022484
0.0027764
0.0027341
0.0026753
0.0028020
0.0032622
0.0036190
0.0040031
0.0039130
0.0037567
0.0037562
0.0042072
0.0045128
0.0054125
0.0053257
0.0051971
0.0058660
0.0053553
0.0053342
0.0049982
0.0050132
0.0046694
0.0049259
0.0048618
0.0052248
0.0051584
0.0042854
0.0036658
0.0036006
0.0029854
0.0021682
0.0008189
0.0003408
0.0001450
-0.0000817
0.0001013
0.0004011
0.0007346
0.0006058
0.0011611
0.0012045
