38.3138
32.2712
29.5627
28.3666
27.094
25.9647
24.5404
23.6914
22.7361
21.8458
21.5435
20.1598
18.6422
18.282
18.1352
17.9403
17.8642
17.5946
17.2644
16.8576
16.757
16.6925
15.8289
15.6835
15.4658
15.3971
15.6643
15.1462
14.6593
14.5238
14.5672
14.4019
14.8508
14.3199
14.128
14.1713
14.0086
13.9168
13.1662
12.9446
12.4506
12.3903
11.8025
11.4451
11.9658
11.8137
11.3155
11.7098
11.7131
11.4883
11.2617
11.2032
11.3604
10.9741
11.2407
10.9192
11.1839
10.9155
11.3674
11.0855
10.9589
11.3837
11.1415
11.0069
10.963
11.2508
10.9964
10.9425
11.6791
10.8558
10.6812
10.1877
9.64503
9.76411
9.62189
9.91366
10.079
9.98904
9.5305
9.73758
9.80382
10.1414
9.16348
9.01687
8.424
8.55623
8.71468
8.68892
8.56068
8.33615
8.44814
8.2789
8.25053
8.40889
8.54868
8.70705
9.26627
8.75407
8.37355
8.25372
8.69499
8.76071
8.28184
8.3477
8.51156
8.56594
8.34797
8.60595
8.76888
8.45995
8.49534
8.37152
8.85365
8.33246
8.57012
8.2988
8.36095
8.65169
8.13395
8.5416
8.69214
8.605
8.0591
8.1192
8.32841
8.24697
8.46897
8.33969
8.52712
8.23492
8.13681
8.15771
8.51661
8.06925
8.05481
8.01017
8.4787
8.03679
8.01507
8.07379
8.44995
8.03317
8.19997
8.17237
8.01252
8.76641
8.65722
8.18357
8.37843
8.36302
8.21278
7.98277
7.98992
7.76573
7.80504
7.96347
7.61098
7.58063
7.58063
7.62869
7.9952
7.78382
7.94202
7.93831
7.76781
7.89816
7.73631
7.69353
7.81914
7.69713
7.86793
7.83962
7.68381
7.79516
7.85245
7.71913
7.58063
7.64666
7.84187
7.76522
7.99186
8.36221
8.0651
7.58102
7.58063
7.68741
7.62141
7.97187
7.91843
8.10261
8.24407
7.87329
7.62399
8.21737
7.77648
7.61191
7.63917
7.69017
8.35328
8.20355
8.11588
8.04639
7.80098
7.97768
8.12809
7.99298
7.84156
8.12686
8.10332
7.8368
7.97679
7.86572
7.76809
7.58063
7.9416
7.68716
8.09643
7.85237
7.65659
7.62573
7.69085
7.62102
7.61261
7.58063
7.61262
7.74312
8.05029
7.82814
6.97201
6.73201
6.53954
6.62174
6.31195
6.28696
6.28246
6.85161
6.85489
6.30013
6.2403
6.24216
6.2403
6.58953
6.44677
6.66413
6.42463
6.6732
6.57141
6.7861
7.17564
6.64301
6.97992
6.41933
6.45532
6.44084
6.43681
6.49412
7.05218
6.30261
6.4421
6.30049
6.35408
6.32449
6.2403
6.39008
6.33647
6.24065
6.33832
6.29811
6.47587
6.25005
6.65064
6.6187
6.25872
6.78763
6.74147
6.70618
6.88149
6.56031
6.30675
6.48217
6.2622
6.2912
6.78334
6.95574
6.66904
6.2403
6.2403
6.24123
6.36375
6.33381
6.44798
6.39969
6.60407
6.27648
6.69609
6.53914
6.37975
6.54681
6.32913
6.68291
6.31663
6.2403
6.44527
6.36101
6.38551
6.2551
6.44127
7.10861
6.40524
6.31643
6.38948
6.49477
6.57558
6.63101
6.94913
6.61342
6.26556
6.51097
6.74438
6.5548
6.5955
6.31078
6.85024
6.42161
6.62872
6.68979
6.90937
6.38695
6.76411
6.44735
6.74559
6.45729
6.64767
6.24056
6.48693
6.64081
6.98056
6.79969
6.89591
6.85492
6.64707
6.35604
6.57581
6.45462
6.95656
6.44873
6.77415
6.66685
6.43539
6.69331
6.29473
6.48088
6.42311
6.63403
6.71809
6.30868
6.40017
6.65861
6.86372
6.67675
6.63477
6.49548
6.30943
6.56971
6.88525
6.55406
6.52672
6.32006
6.76961
6.78821
6.60834
7.12132
6.47408
6.47383
6.28659
6.32038
6.50751
6.32031
6.26847
6.46543
6.35979
6.5037
6.24884
6.53545
6.77263
6.47876
6.4129
6.33093
6.27415
6.47015
6.63593
6.43709
6.36367
6.28301
6.25116
6.57595
6.29234
6.55452
6.51544
6.37778
6.48292
6.40117
6.59822
6.54174
6.71693
6.65058
6.64224
6.74925
6.56801
6.76137
6.68817
6.65173
6.88231
6.51854
6.90264
6.72105
6.52498
6.40118
6.6911
6.50046
6.46231
6.76752
6.36492
6.49537
6.46876
6.47853
6.42873
6.39479
6.55712
6.47059
6.36674
6.60366
6.35167
6.43276
6.32164
6.67542
6.24648
6.43384
6.54287
6.86925
7.01122
6.46697
6.64853
6.82072
6.92492
6.82582
6.5574
6.3395
6.49789
6.67425
6.49555
6.38842
6.24563
6.26556
6.38041
6.42978
6.45246
6.37251
6.63321
6.73202
6.30909
6.32784
6.40697
6.6044
6.63704
6.64685
6.35997
6.43104
6.67297
6.62137
6.63088
6.57008
6.3621
6.7987
6.67865
7.01597
6.70898
6.60518
6.25031
6.37824
6.80765
6.35415
6.2403
6.40862
6.2469
6.2403
6.29927
6.37606
6.91178
6.64094
6.87019
6.44541
6.36014
6.69882
6.53546
6.78003
6.35085
6.72847
6.61744
6.2618
6.59165
6.63429
6.51951
6.53593
6.94935
6.39484
6.59406
6.91562
6.60318
6.48726
6.56761
6.32259
6.2403
6.66549
6.87747
6.86142
6.43748
6.32214
6.35806
6.30799
6.2561
6.68173
6.39926
6.30323
6.29637
6.28903
6.75266
6.51436
6.69979
6.77851
6.31773
6.2403
6.32192
6.30539
6.33009
6.59858
6.76768
6.7672
6.31917
6.34858
6.58538
6.33685
6.83459
6.36171
6.5871
6.62898
6.49995
6.49417
6.40568
6.2403
6.95112
6.30434
6.62651
6.48702
6.42966
7.06206
6.43021
6.54536
6.65794
6.99377
6.41057
6.35211
6.34656
6.44414
6.32337
6.2403
6.33118
6.41777
6.57356
6.2403
6.27505
6.24973
6.36734
6.35141
6.24081
6.57196
6.54841
6.43895
6.2621
6.52077
6.75369
6.48872
6.54344
6.29781
6.55375
6.69665
6.84088
6.57257
6.88445
6.78174
6.31462
6.4112
6.33871
6.24961
6.29378
6.24676
6.2731
6.93912
6.33969
6.37556
6.57886
6.54619
6.92193
6.75311
6.47119
6.64218
6.44851
6.79831
6.45471
6.40251
6.47686
6.35181
6.68944
6.72593
6.59118
6.58818
6.43197
6.25088
6.28762
6.62543
7.07603
6.38924
6.53782
6.67294
6.28366
6.31835
6.53557
6.74195
7.00987
6.42803
6.25026
6.24667
6.42934
6.31701
6.2403
6.41292
6.53088
6.72409
6.62934
6.72864
7.12895
6.5047
6.41558
6.64327
6.523
6.50669
6.49114
6.79457
6.39862
6.47886
6.38475
6.5365
6.45496
6.77834
6.61102
6.46524
6.37416
6.59539
6.75291
6.68512
6.7608
6.61392
6.25226
6.51782
6.2871
6.511
6.27243
6.28401
6.45775
6.33059
6.30942
6.2407
6.49379
6.77671
6.33078
6.74078
6.64451
6.55822
6.40707
6.36001
6.35658
6.44996
6.39306
6.43659
6.44635
7.10167
6.60763
6.29874
6.54911
6.63481
6.34809
6.24693
6.32505
6.29279
6.40183
6.27128
6.37946
6.61904
6.52314
6.30764
6.26931
6.45314
6.39518
6.65644
6.47576
6.29662
6.60613
6.46655
6.64014
6.82514
6.33393
6.67239
6.69485
6.50048
6.9648
6.59629
6.79533
6.71374
7.00452
6.43046
6.24827
6.51778
6.41387
6.29756
6.36882
6.52508
6.77946
6.46738
6.35067
6.31378
6.40807
6.52575
6.36171
6.38687
6.33205
6.64879
7.06066
6.49358
6.5121
6.40262
6.45441
6.47834
6.93469
6.32737
6.68206
6.72474
6.51142
6.416
6.61231
6.50493
6.84507
6.68266
6.86579
6.60834
6.48899
6.37528
6.57793
6.90061
6.41115
6.29384
6.59783
6.64002
6.37663
6.75771
6.55033
6.61818
6.67663
6.83342
6.45013
6.2403
6.33033
6.33103
6.51865
6.43958
6.47656
6.5459
6.25739
6.82979
6.48781
7.23333
6.72043
6.47197
6.32273
6.29755
6.39084
6.51052
6.51083
6.81921
6.5224
6.53866
6.54175
6.33921
6.62014
6.38502
6.33645
6.53508
6.29162
6.2403
6.31402
6.44799
6.61229
6.72008
6.31808
6.43127
6.55531
6.51373
6.56614
6.27868
6.99256
7.06939
6.42788
6.68073
6.62634
6.56385
6.28496
6.4941
6.34568
6.51725
6.50781
6.2744
6.72341
6.37865
6.39836
6.2403
6.50024
6.4118
6.33688
6.28664
6.38111
6.4401
6.24091
6.2403
6.25128
6.24065
6.7226
6.95521
6.91073
6.74918
6.7001
6.39944
6.72755
6.28428
6.28722
6.39476
6.519
6.30049
6.55442
6.38973
6.53019
6.39133
7.00437
6.7512
6.97188
6.71287
6.62453
7.51442
6.54646
6.38783
6.97059
6.56964
6.65987
6.7751
6.75107
6.58219
6.29472
6.50357
6.52727
6.61053
6.40885
6.43571
6.4923
6.56687
6.72651
6.51822
6.60521
6.32467
6.2403
6.24497
6.37606
6.31086
6.26139
6.44033
6.51911
6.25786
6.30842
6.50826
6.31298
6.67365
6.44874
6.51036
6.58604
6.93852
6.96813
6.62804
6.56233
6.68272
6.85993
6.84089
6.4516
6.43398
6.54593
6.53183
6.73149
6.45203
6.40158
6.51513
6.54461
6.51471
7.06929
6.58193
6.73943
6.31347
6.54156
6.3064
6.47603
6.54668
6.68561
6.74834
6.34331
6.69477
6.53261
6.31284
6.86494
6.62721
6.36831
6.75354
6.79713
6.84345
6.75276
6.74402
6.30556
6.47084
6.75535
6.32058
6.3378
6.77262
6.47806
6.27461
6.38609
6.30792
6.41003
6.24353
6.28929
6.44368
6.29814
6.2838
6.48399
6.34951
6.24855
6.63949
6.55785
6.88782
6.85273
6.66167
6.459
6.32337
6.42824
6.35466
6.34709
6.51877
6.55862
6.54998
6.26594
6.24648
6.99652
6.47201
6.69715
7.01706
6.4041
6.51421
6.47496
6.26586
6.3662
6.36483
6.711
6.39203
6.39044
6.40576
6.59238
6.26009
6.32824
6.51669
6.45445
6.4367
6.9964
6.68863
6.30647
6.45743
6.6137
6.53277
6.42014
6.30772
6.87545
6.29124
6.24065
6.34845
6.26863
6.53911
6.70973
6.4912
6.45442
6.69799
6.52101
6.27538
6.36559
6.29972
6.2403
6.2403
6.62352
6.71995
6.44211
6.2786
6.46183
6.42041
6.33976
6.45014
6.42643
6.79748
6.32679
6.83575
6.42054
6.27844
6.51623
6.57563
6.34956
6.39968
6.63261
6.85413
6.48704
6.42691
6.35352
6.28524
6.7039
6.59399
6.42975
6.2403
6.7722
6.56244
6.42916
6.49176
6.30819
6.68538
6.7006
6.47623
7.06181
6.5522
6.578
6.90819
6.38157
6.4633
6.34252
6.25442
6.2579
6.31569
6.34459
6.39059
6.49367
7.06819
6.76907
6.33814
6.37771
6.64989
6.64755
6.39499
6.6013
6.38276
6.28723
6.27607
6.86512
6.45143
6.46948
6.59621
6.85923
6.46572
6.32105
6.35743
6.57518
6.33883
6.38411
6.72203
6.46958
6.69472
6.4368
6.47913
6.2403
6.39894
6.527
6.4388
6.47762
6.24623
6.49716
6.75638
7.06872
6.40123
6.46221
6.37873
6.35931
6.5044
6.59118
6.28801
6.50437
6.3735
6.55607
6.88132
6.36898
6.53833
6.41862
6.87574
6.48194
6.39124
6.54712
6.48312
6.43939
6.30217
6.85561
6.76632
6.76395
6.38034
6.43771
6.29628
6.24604
6.31896
6.49506
6.38333
6.5096
6.70574
6.49585
6.25736
6.2407
6.63995
6.50745
6.52053
6.2403
6.25016
6.39392
6.25731
6.32619
6.58988
6.37985
6.53935
6.64063
6.98082
6.26836
6.73358
6.30494
6.54231
6.61674
6.51579
6.53765
6.28289
6.29179
6.84826
6.50082
6.83484
6.68351
6.67885
6.50613
6.72797
6.25941
6.31814
6.28956
6.31915
6.24646
6.84983
6.72685
6.8922
6.40247
6.67536
6.64999
6.39246
6.2403
6.39334
6.39755
6.52965
6.6145
6.31444
6.39197
6.47411
6.32832
6.72226
6.6503
6.6793
6.51565
6.73496
6.46169
6.26824
6.38589
6.58773
6.61843
6.28328
6.59296
6.42951
6.72595
6.33072
6.45439
6.33682
6.60848
6.47842
6.98386
6.90563
6.73615
6.62177
6.45286
6.67639
6.8479
7.0196
6.63624
6.65942
6.88549
7.11581
6.56101
6.57753
6.29443
6.39578
6.40273
6.27238
6.49789
6.63281
6.51637
6.28676
6.4805
6.78126
6.45015
6.54773
6.49397
6.32147
6.73481
6.67567
6.25379
6.30222
6.63045
6.68079
6.9463
6.71334
6.40475
6.6366
6.49473
6.52921
6.51273
6.28271
6.79696
6.44133
6.57212
7.05699
7.49895
6.33675
6.6613
6.46965
6.50561
6.4678
6.58474
6.2478
6.46696
6.31513
6.48837
6.39087
6.84309
6.7184
6.84396
6.3902
6.93942
6.47587
6.71866
6.57474
6.66265
6.39304
6.24954
6.46142
6.447
6.35936
6.28522
6.32499
6.34256
6.36945
6.30314
6.41224
6.25848
6.40848
6.50812
6.41526
6.2403
6.37552
6.28924
6.35161
6.46108
6.52509
6.37758
6.53818
6.73485
6.61266
6.2403
6.31225
6.4002
6.30303
6.64454
6.65654
6.25051
6.54605
6.45663
6.28222
6.3508
6.28707
6.5798
6.7294
6.70876
6.56284
6.24056
6.82296
6.59557
6.26755
6.76358
7.08968
6.95959
6.47331
6.47118
6.48272
6.4717
6.32987
6.37629
6.48045
6.39321
6.2858
6.2403
6.24809
6.25402
6.44178
6.24056
6.33898
6.92257
6.70231
6.83059
6.87221
6.48004
6.42892
6.33162
6.51417
6.71269
6.37044
6.70685
6.46961
6.56686
6.67606
6.41704
6.64173
6.30776
6.58037
6.58131
6.92458
6.90543
6.63436
6.65632
6.81751
6.7244
6.84979
6.34388
6.33981
6.98202
6.70441
7.29715
6.66075
6.31774
6.2403
6.29194
6.63015
6.50708
6.50188
6.5922
6.33546
6.49186
6.40489
6.95259
6.55704
6.91288
6.42672
6.51218
6.3437
6.31596
6.34769
6.36437
6.64113
6.55568
6.58041
6.62756
6.50764
6.61854
6.3906
6.71838
6.32769
6.28592
6.36113
6.32263
6.64605
6.43439
6.58532
6.56121
6.59511
6.38687
6.4876
6.29697
6.26995
6.4183
6.36102
6.61544
6.5594
6.51561
6.27236
6.24353
6.52225
6.89283
6.51071
6.24123
6.57098
6.41672
6.41436
6.38443
6.39509
6.63834
6.63331
6.4929
6.53877
6.2469
6.4014
6.34592
6.47797
6.32031
6.2403
6.2403
6.60857
6.6499
6.36599
6.6573
6.25206
6.3056
6.43489
6.37261
6.49677
6.31853
6.56944
6.67916
6.39593
6.74591
6.78215
6.36331
6.46644
6.28377
6.42636
6.47819
7.01025
6.2403
6.7094
6.56913
6.25344
6.44327
6.31097
6.51599
6.48218
6.51149
6.58019
6.87149
6.64266
6.28146
6.39313
6.33403
6.68569
6.34799
6.43868
6.31236
6.47122
6.39876
6.78291
6.58246
6.56461
6.5185
6.74055
6.3851
6.70028
6.4054
6.31799
6.25018
6.2403
6.39335
6.24623
6.47945
6.59355
6.61369
6.67748
7.08745
6.59522
6.78749
6.37217
6.3144
6.32541
6.24656
6.28961
6.3914
6.6194
6.51243
6.95308
6.56256
6.26832
6.41228
6.42438
6.37756
6.78658
6.51241
6.2403
6.31299
6.25682
6.30642
6.45782
6.42557
6.33185
6.91755
6.2403
6.47469
6.47759
6.43899
6.54887
6.79883
6.24045
6.73415
6.91222
6.94925
6.54459
6.36493
6.8402
6.54805
6.58422
6.90449
6.57902
6.82006
6.46473
6.80468
6.54021
6.53857
6.30204
6.40676
6.37821
6.37256
6.74067
6.62208
6.63808
6.4689
6.76809
6.32725
6.79944
6.67602
6.36666
6.81383
6.50023
6.76846
6.35883
7.02787
6.62076
6.55544
6.43519
6.31982
6.26422
6.44412
6.2403
6.70483
6.8464
6.48812
6.34159
6.35757
6.39066
6.40072
6.31346
6.39238
6.39971
6.761
6.2403
6.28028
6.27302
6.68809
6.4418
6.54942
6.33088
6.25886
6.31791
6.26084
6.66238
6.53497
6.86281
6.68691
6.68123
6.86938
6.28502
6.83692
6.27793
6.407
6.89022
6.83966
7.20962
6.76145
6.38263
6.29336
6.29709
6.48154
6.2403
6.53217
6.73976
6.67666
6.47999
6.51704
6.70159
6.78997
6.29192
6.78574
6.76664
6.85611
6.29211
6.31387
6.5773
6.69542
6.39798
6.32764
7.00545
6.54204
6.42217
6.25825
6.24393
6.48473
6.25105
6.38029
6.24676
6.59089
6.70511
6.49995
6.86874
6.29442
6.60998
6.55631
6.74329
6.52327
6.46375
6.25287
6.48459
6.42267
6.70835
6.59176
6.6665
6.52429
6.5865
6.33522
6.43328
6.80106
7.04747
6.82046
6.40486
6.6511
6.60946
6.6596
6.61027
6.64584
6.28656
6.34495
6.52598
6.75529
6.73786
6.79872
6.8272
6.43453
6.6173
6.86835
6.65139
6.34936
6.26101
6.28344
6.3718
6.42184
6.35793
7.02031
6.41876
6.33626
6.75624
6.46708
6.51678
7.29067
6.84918
6.55544
6.35464
6.64464
6.59263
6.60214
6.30376
6.39577
6.43743
6.36947
6.38738
6.70409
7.21375
6.60948
6.7255
6.51217
6.52281
6.362
6.24379
6.2403
6.27773
6.48166
6.2813
6.36291
6.70123
6.59061
6.59647
6.86447
6.60795
6.4039
6.56582
6.50907
6.31053
6.36272
6.38107
6.27834
6.86287
6.61678
6.77403
6.6379
6.4216
6.24723
6.2403
6.26379
6.26383
6.39822
6.36675
6.41897
6.27764
6.59884
6.28958
6.46349
6.51358
6.47909
6.26853
6.40221
6.35678
6.42498
6.58669
6.85946
6.37623
6.64228
6.61623
6.91012
6.51068
6.52305
6.92667
6.86746
6.70511
6.51386
6.69242
6.66028
6.2403
6.39441
6.39437
6.50186
6.40701
6.46961
6.38978
6.2403
6.62112
6.54709
6.90217
6.73201
7.54265
6.75727
6.71213
6.53815
6.32092
6.49039
6.34034
6.26438
6.52963
6.51083
6.37612
6.44527
6.27627
6.51029
6.29295
6.66153
6.26586
6.32298
6.79767
6.87401
6.93393
6.73634
6.75248
6.29562
6.39553
6.83384
6.86152
6.33887
6.38723
6.2659
6.59394
7.02801
6.99073
6.47653
6.81097
6.40693
6.34142
6.43965
6.39243
6.59929
6.32513
6.8103
6.43491
6.37364
6.38123
6.80503
6.80975
6.761
7.11815
6.434
6.38199
7.21727
6.36568
6.85683
6.32012
6.36881
6.43487
6.58117
6.51935
6.27883
6.31611
6.3606
6.39003
6.75639
6.44674
6.57707
6.67271
6.65919
6.65326
6.72019
6.65963
6.52299
6.37628
6.26368
6.5943
6.39608
6.74567
6.56359
6.27621
6.86855
6.36913
6.24526
6.30461
6.47784
6.2967
6.68192
6.70936
6.93178
6.25034
6.35228
6.75063
6.85137
6.38577
6.37161
6.54033
6.28193
6.80013
6.56416
6.48645
6.37952
6.62708
6.40708
6.38703
6.37258
6.28628
6.2403
6.41152
6.29022
6.27471
6.33613
6.27771
6.2971
6.34832
6.39163
6.38399
6.42616
7.12689
6.78262
6.38716
6.2403
6.44477
6.93123
6.78005
6.9243
6.48387
6.33902
6.45244
6.49462
6.74219
6.52303
7.14267
7.3203
6.67714
6.85413
6.58268
6.53069
6.3855
6.7768
6.33968
6.77769
6.46903
6.61418
6.44743
6.91459
6.37309
6.49741
6.40526
6.38809
6.25863
6.53755
6.64796
6.51949
6.64698
6.37033
6.64889
6.60337
6.58957
6.64581
6.842
6.64848
6.24575
6.4678
6.2403
6.25995
6.52496
6.97327
6.42006
6.30229
6.35195
6.54977
6.44348
6.79292
6.6423
6.34162
6.79612
6.38622
6.53026
6.98997
6.57022
6.46654
6.51649
6.2631
6.2403
6.35682
6.2509
6.48641
6.5016
6.3887
6.2416
6.39672
6.47195
6.46243
6.25601
6.34842
6.30425
6.57175
6.40042
6.55995
6.29074
6.54628
6.66385
6.44539
6.51447
6.91404
7.2361
6.43241
6.30099
6.2403
6.38024
6.7284
6.47513
6.70676
6.4685
6.5993
6.27728
6.61367
6.55475
6.83653
6.24314
6.66972
6.44899
6.45805
6.89826
6.59299
6.27898
6.2403
6.58662
6.95758
6.52683
7.01821
6.43997
6.9211
6.34191
6.6688
6.35639
6.3607
6.54161
6.54651
6.34897
6.43751
6.46107
6.8529
6.59942
7.20235
6.66816
6.60284
6.60252
6.70479
6.34666
6.26898
6.8757
6.64906
6.60844
6.55783
6.36582
6.77745
6.61836
6.69584
6.38094
6.56524
6.27982
6.43937
6.27716
6.3631
6.37592
6.34295
6.59641
6.51791
6.50512
6.51858
6.52356
7.21989
7.23776
6.70727
6.40657
6.48713
6.26397
6.33348
6.70928
6.49645
6.355
6.34508
6.31398
6.34518
6.29597
6.28315
6.36477
6.5694
6.3364
6.2403
6.34652
6.5144
6.48048
6.97661
6.70271
6.53493
6.35806
6.42579
6.37728
6.44624
6.40079
6.65184
6.41571
6.26888
6.34039
6.30575
6.34392
6.42188
6.66008
6.46518
6.34527
6.54108
6.3462
6.32849
6.28575
6.72546
6.27985
6.43433
6.2403
6.35484
6.59819
6.78309
6.56523
6.71208
6.2403
6.34821
6.83444
6.77244
6.75474
6.58167
6.39152
6.74963
6.63336
6.36119
6.34331
6.48701
6.71942
6.42875
6.33442
6.8231
6.58051
6.75277
6.33012
6.35236
6.57811
6.59195
6.75868
6.67086
7.0391
6.48056
6.29081
6.2403
6.24045
6.82969
6.49869
6.64212
6.38729
6.64808
7.19299
6.67031
6.46913
6.38033
6.53443
6.8572
6.59423
6.51792
6.45262
6.6616
7.07559
6.48359
6.55135
6.53288
6.34714
6.27435
6.49712
6.31386
6.32748
6.40873
6.4614
6.52582
6.40737
6.75905
6.43675
6.45348
6.30917
6.63949
6.43447
6.27107
6.27874
6.47109
6.28263
6.33066
6.66476
6.54875
6.33928
6.74637
6.30607
6.69962
6.2403
6.60743
6.60108
6.35547
6.35097
6.26163
6.2403
6.33327
6.37949
6.73343
6.83013
6.53086
6.53479
6.2403
6.40174
6.86256
6.5769
6.47501
6.29823
6.92174
6.60375
6.90421
6.31841
6.28605
6.51679
6.73698
6.62751
6.50996
6.25221
6.44803
6.32411
6.42912
6.51344
6.36984
6.35258
6.28711
6.55249
6.59998
6.30369
6.88912
6.78461
6.44596
6.57724
6.63996
6.52354
6.74093
6.46613
6.54311
6.52359
6.71021
7.0787
6.70578
6.41397
6.40291
6.35942
6.82636
6.34497
6.33356
6.29398
6.51533
6.60452
6.60521
6.58029
6.45827
6.4539
6.49917
6.79292
6.85533
6.37175
6.30908
6.64036
6.38464
6.31501
6.28591
6.25045
6.30989
6.45208
6.65522
6.78143
7.30057
6.65716
6.33885
6.38889
7.12968
6.69722
6.50797
6.37796
6.2403
6.43972
6.73346
6.62632
6.3985
6.43975
6.33877
6.67002
6.52824
6.24572
6.68599
6.3243
6.48214
6.36107
6.5393
6.90228
6.61578
6.34368
6.31715
6.294
6.42321
6.67641
6.34859
6.32433
6.35573
6.58951
6.59618
6.24656
7.19472
6.58866
6.7119
6.64698
6.48813
6.30236
6.2403
6.2403
6.31308
6.85585
7.00686
6.2403
6.3208
6.42817
6.96087
6.62738
6.31452
6.4508
6.40839
6.37203
6.33834
6.40729
6.40519
6.46993
6.70008
6.2403
6.2403
6.404
6.32836
6.37172
6.38465
6.75682
7.00499
6.92213
6.35397
6.2403
6.2403
6.8126
6.97578
7.0074
7.02748
6.28497
6.32972
6.25497
6.25169
6.24963
6.38197
6.8537
6.37692
6.86963
6.2877
6.24073
6.29735
6.28163
6.62876
6.73523
6.40178
6.6204
6.32011
6.72047
6.91016
6.87195
6.4435
6.5555
6.58333
6.57925
6.73438
6.69614
6.80641
6.66297
6.9554
6.86535
6.35291
6.41907
6.45807
6.35396
6.79069
6.801
6.505
6.3869
6.36286
6.34201
6.67452
6.63222
6.62958
6.25447
6.80166
6.29382
6.70404
6.79907
6.40017
6.34494
6.37139
6.43468
6.46221
6.42085
6.51358
6.48216
6.50837
6.51705
7.26264
6.82251
6.5716
6.52305
6.54496
6.30076
6.51415
6.50434
6.53513
6.29024
6.73304
6.34062
6.36878
6.53123
6.44977
6.77053
6.56748
6.29857
6.45658
6.31618
6.30124
6.59765
6.25396
6.27034
6.2403
6.2403
6.2407
6.31078
6.28877
6.58301
6.58165
6.36141
6.4884
6.74378
6.55968
6.37514
6.32902
6.58914
6.46268
6.43197
6.5475
6.45538
6.44963
6.39768
6.27015
6.67463
6.28484
6.48221
6.84567
6.27601
6.4637
7.04942
6.58586
6.50438
6.56198
6.3667
6.32612
6.2403
6.34549
6.4044
6.45778
6.40301
6.3553
6.2403
6.42469
6.2403
6.44208
6.81567
7.14214
6.63188
6.46065
6.61002
6.79899
6.92547
6.69601
7.14752
6.3649
6.58645
6.45088
6.49716
6.36683
6.31808
6.33586
6.38245
6.73443
7.26218
6.45412
6.44836
6.7022
6.35996
6.80746
6.75955
6.756
6.6876
6.70757
6.71499
6.41967
6.60298
6.38276
6.70829
6.26439
6.66359
6.96329
6.64304
6.68227
6.58347
6.44567
6.30531
6.52608
6.46583
6.82818
6.34538
6.89467
6.85638
6.41864
6.25206
6.3922
6.31252
6.39615
6.50831
6.25207
6.29682
7.15591
6.63513
6.8794
6.6028
6.31511
6.55951
6.42687
6.31956
6.6046
6.78066
6.5552
6.63832
6.50088
6.72562
6.97399
6.30355
6.28493
6.24611
6.2403
6.38759
6.2403
6.2403
7.0893
6.78786
6.24691
6.60489
6.39373
6.64986
6.41775
6.29446
6.60378
6.26873
6.28597
6.45445
7.03535
7.14927
7.17468
6.7714
6.55917
6.44577
6.88369
6.74027
6.60783
6.43709
6.53281
6.27196
6.47271
6.43655
6.33197
6.41233
6.33876
6.37095
6.38018
6.58807
6.43215
6.41598
6.64035
6.38746
6.64042
6.70894
6.4835
6.86613
6.45317
6.46669
7.03857
7.08162
6.28936
6.5259
6.5987
6.58391
6.45883
6.36873
6.33416
6.3675
6.55787
6.53761
6.69584
6.39201
6.70449
6.65652
7.16098
7.02507
6.54467
6.3493
6.32622
6.28214
6.24056
6.68445
6.32389
6.4459
6.42835
6.51583
6.42223
6.3559
6.47665
6.3018
6.43621
6.6761
6.48226
6.26802
6.34577
6.3604
6.46223
6.40498
6.33318
6.27557
6.63551
6.91295
6.57986
6.38154
6.54384
6.36667
6.88351
6.79828
7.08306
6.34478
6.60605
6.29609
6.4758
6.98978
6.35845
6.40475
6.38593
6.37864
6.31065
6.45811
6.59842
6.74922
6.75153
6.30877
6.45743
6.81414
6.3756
6.30238
7.14719
6.65399
6.5304
6.34206
6.53966
6.54492
6.49095
6.28021
6.68222
6.88796
6.72298
6.40138
6.58325
6.51878
6.5886
6.40061
6.30621
6.34885
6.92532
6.36852
6.36649
6.50174
6.48233
6.42834
7.02894
6.29239
6.56187
6.64524
6.6273
6.42387
6.24955
6.37905
6.41253
6.2403
6.69381
6.56236
6.97058
6.59807
6.63631
6.41442
6.42274
6.34838
6.47077
6.76023
6.58697
6.73829
6.55407
6.79553
6.35966
6.63845
6.70727
6.29993
6.2928
6.27357
6.28495
6.32997
6.86221
6.55987
6.2403
6.31808
6.75261
6.49911
6.30604
6.47853
6.3911
6.52327
6.45535
6.52843
6.33317
6.40877
6.57977
7.16289
6.26456
6.50233
6.50708
6.53943
6.58724
6.29699
6.6859
6.41192
6.2407
6.4838
6.37749
6.38006
6.51982
6.41974
6.38737
6.29023
7.01505
6.34538
6.74501
6.43171
6.55601
6.38137
6.7615
6.55589
6.48597
6.67762
6.54314
7.20357
6.92292
6.57368
6.68054
6.51922
6.85993
6.38824
6.40942
6.26925
6.66579
6.33915
6.44734
6.7007
6.62718
6.4701
6.49787
6.76828
6.65956
6.42495
6.3586
6.44565
6.53491
6.30154
6.51233
6.4826
6.52329
6.57669
6.67212
6.66122
6.65653
6.81843
6.40763
6.24711
6.30928
6.36462
6.3615
6.49592
6.67811
6.7397
6.33085
6.48595
6.3835
6.5186
6.70841
6.38725
6.5227
6.533
6.38574
6.32084
6.40805
6.36292
6.54983
6.41822
6.3424
6.39016
6.50537
6.66348
6.48929
6.62316
6.31426
6.26858
6.48167
6.33691
6.40216
6.2403
6.35699
6.2407
6.63407
6.61627
6.40968
6.54574
6.85602
6.77015
6.52216
6.38694
6.34534
6.32707
6.53626
6.58923
6.3191
6.33447
6.82516
6.39238
6.49199
6.40927
6.63169
6.28997
7.06179
6.47148
6.65388
6.79589
6.24315
6.24955
6.40961
6.80844
7.16571
6.43909
6.56228
6.4682
6.47578
6.43132
6.39473
6.24183
6.30384
6.2403
6.37336
6.392
6.86993
6.47245
6.30693
6.32114
6.3356
6.50094
6.42674
6.39641
6.47469
6.63425
6.33172
6.67117
6.71384
6.55735
6.27429
6.48902
6.26363
6.48988
6.29804
6.59512
6.55087
6.37136
6.34269
6.72536
6.32279
6.2403
6.34119
6.34158
6.29432
6.68631
7.17719
6.91158
6.54538
6.56186
6.36525
6.69936
6.56004
6.40646
6.32523
6.55863
6.28476
6.31928
6.32402
6.58907
6.35808
6.25061
6.2403
6.54464
6.65136
6.7841
6.46941
6.35533
6.2416
6.40816
6.45651
6.39739
6.45471
6.34185
6.53435
6.25471
6.52292
6.54978
6.51327
6.64558
6.60183
6.56647
6.66498
6.63104
6.40937
6.37303
6.39128
6.51492
6.24696
6.37033
6.57994
6.30404
6.38348
6.35091
6.27891
6.76902
6.28676
6.35424
6.5669
6.51521
6.39632
6.66252
6.44293
6.71884
7.37221
6.33816
6.77982
6.41021
6.63832
6.7288
6.40834
6.67049
6.74062
6.55447
6.34305
6.2403
6.38303
6.36944
6.26892
6.25057
6.40293
6.24045
6.2403
6.3911
6.62228
6.58487
6.58252
6.84517
6.31034
6.35804
6.27738
6.25019
6.28414
6.56306
7.11695
6.64052
6.2403
6.49948
6.66027
6.80925
6.91555
6.52629
6.52817
6.40364
6.365
6.2403
6.24384
6.3289
7.01502
6.52019
6.39437
6.53845
6.57513
6.33896
6.47676
6.44475
6.33603
6.34394
6.32704
6.24353
6.2403
6.2403
6.49172
6.30175
6.26009
6.47177
6.69471
7.08589
6.52198
6.6492
6.46473
6.3788
6.28031
6.2595
6.2403
6.2416
6.51065
6.44302
6.26975
6.25692
6.32313
6.79714
6.62174
6.59513
6.56101
6.52625
6.37797
6.44885
6.32679
6.71646
6.30196
6.80249
6.51264
6.62584
6.60471
6.37918
6.2403
6.55039
6.61557
6.51054
6.54942
6.38296
6.65576
6.71463
6.25461
6.2403
6.33765
6.31836
6.26925
6.53315
6.90468
6.88082
6.2403
6.28066
6.35586
6.54591
6.3564
6.72552
6.2403
6.50398
6.30946
6.6329
6.69388
6.77889
6.57371
6.66172
6.37338
6.34804
6.4024
6.31907
6.35777
6.42468
6.98388
6.72273
6.33375
6.27434
6.42865
6.57679
6.2416
6.33186
6.33798
6.4519
6.47143
6.77989
7.05617
7.1543
6.58248
6.40493
6.34168
6.5485
6.6379
6.40918
6.66009
6.67052
6.45756
6.72162
6.89751
6.6881
6.43094
6.38971
6.57008
6.28153
6.46278
6.69056
7.07612
6.91699
6.75977
6.49177
6.24193
6.35444
6.58276
6.2716
6.65709
6.49342
6.78403
6.54601
6.42089
6.64292
6.60202
6.7177
6.94411
6.89753
6.72659
6.2403
6.2516
6.37326
6.35721
6.48392
7.06132
6.41085
6.61692
7.27925
6.79989
6.608
6.38031
6.675
6.25917
6.2403
6.72118
6.61135
7.17417
6.76977
6.4084
6.51923
6.34733
6.6764
6.70314
6.38742
6.31066
6.55844
6.65313
6.25059
6.63131
6.36478
6.39909
6.35341
6.2403
6.28924
6.5761
6.6805
6.78219
6.56256
6.42582
6.81158
6.5205
6.24457
6.26142
6.43435
6.52385
6.31163
6.27328
6.27097
6.2686
6.2403
6.5343
6.88482
7.50931
6.70391
6.36128
6.62332
6.52963
6.33826
6.82398
6.62352
6.60824
6.58062
6.39969
7.04472
6.64255
6.24218
6.57411
7.07263
6.75195
6.31769
6.84495
6.59766
6.47255
6.2403
6.32578
6.26446
6.33845
6.54077
6.34063
6.2403
6.28179
6.65676
6.58678
6.47828
6.28561
6.33885
6.24081
6.26822
6.27873
6.27127
6.52935
6.48415
6.2403
6.39257
6.75187
7.05872
6.6508
6.67913
6.67001
6.2403
6.53109
6.34526
6.2403
6.25496
6.3263
6.73336
6.77666
6.46495
6.40839
6.38154
6.33826
6.2403
6.2403
6.40022
7.10065
6.41654
6.47755
6.39283
6.5051
6.45794
6.51378
6.78417
6.45749
6.72562
7.18031
6.7293
6.96168
6.5255
6.51805
6.51621
6.7025
6.3966
6.71196
6.86197
6.35944
6.30761
6.2403
6.31547
6.41842
6.34303
6.41235
6.26493
6.61238
6.49581
6.3743
6.2416
6.25907
6.45377
6.70256
6.38178
6.242
6.61635
6.33785
6.99025
6.42469
6.4431
6.57205
6.3824
6.39976
6.53527
6.33624
6.73151
6.4843
6.24689
6.33979
6.74075
6.88516
6.27512
6.28588
6.46942
6.5089
6.45716
6.52468
6.38359
6.54715
6.79199
6.63414
6.49316
6.29427
6.33955
6.54467
6.72512
6.58423
6.49066
6.46291
6.64668
6.46511
6.35463
6.60064
6.3475
6.33964
6.42797
6.36302
6.2403
6.25796
6.44237
6.49331
6.53257
6.33995
6.44127
6.5906
6.58418
6.24081
6.26976
6.49334
6.59733
6.68499
6.50736
6.63861
6.41436
6.246
6.2403
6.36217
6.46692
6.99229
6.90455
6.26857
6.34794
6.28095
6.3465
6.60111
6.50919
6.33618
6.67058
6.90028
6.56024
6.25711
6.24708
6.56247
6.46581
6.67503
6.60127
7.02472
6.60954
6.58341
6.24559
6.54335
6.41976
7.13274
6.44202
6.4256
6.40882
6.97749
6.42851
6.27286
6.30544
6.37314
6.37627
6.66301
6.71471
6.45833
6.46416
6.5323
6.4766
6.70291
6.61408
6.78578
6.44734
6.55776
6.39517
6.25157
6.2403
6.26963
6.28568
6.2403
6.52379
6.59381
6.73349
6.25008
6.52498
6.3344
6.39655
6.26233
6.26914
6.2403
6.2403
6.25373
6.32776
6.47411
6.76725
6.79013
6.67908
6.30528
6.31915
6.35569
6.24045
6.48428
6.29724
6.4579
6.70833
6.35558
6.51138
6.36458
6.35756
6.6618
6.64766
6.26738
6.25506
6.35679
6.3689
6.67692
6.77341
6.31584
6.2403
6.39557
6.6392
6.24065
6.38966
6.49552
6.35447
6.4283
6.2999
6.41383
6.56746
6.38723
6.28412
6.28278
6.66879
6.33379
6.61976
6.71518
6.63486
6.56969
6.62377
6.30427
6.61903
6.79774
7.09651
6.52195
6.5954
6.55417
6.2403
6.24888
6.28401
6.27743
6.2403
6.70419
7.17515
6.67646
6.64686
6.45907
6.25424
6.24648
6.38549
6.2536
6.34186
6.3062
6.33988
6.90264
6.96982
6.53542
6.64943
6.37698
6.2729
6.34895
6.5226
6.29616
6.3269
6.72421
6.62891
6.5924
6.62204
6.37935
7.65118
6.80412
6.44155
6.35113
6.30156
6.25607
6.32139
6.32643
6.30916
6.70114
6.32716
6.37336
6.37924
6.2403
6.46906
6.71233
6.55645
6.59811
6.5562
6.5202
6.74993
6.63103
6.60325
6.41629
6.38493
6.26106
6.60569
6.7901
6.48377
6.2403
6.24844
6.30549
6.27282
6.32389
6.2403
6.47041
6.66883
6.44432
6.2403
6.31856
6.65523
6.69047
6.8168
6.3079
6.63163
6.51444
6.4964
6.63485
6.61717
6.77993
6.58325
6.90217
6.51239
6.52625
6.94155
6.7368
6.58231
6.47355
6.5462
6.70575
6.55195
6.48896
6.44576
6.65707
6.30928
6.2403
6.48034
6.38613
6.79063
6.52333
6.2897
6.24869
6.24692
6.58905
6.82347
7.11328
6.60241
6.44305
6.59436
7.0365
6.85157
6.27308
6.55276
6.75179
6.95783
6.40254
6.556
6.6668
6.45012
6.24354
6.55916
6.32449
6.41333
6.32431
6.39645
6.2403
6.30596
6.62305
6.63075
6.52917
6.27257
6.2403
6.2403
6.39158
6.31781
6.49432
6.62218
6.31333
6.36689
6.45615
6.77161
6.35366
6.40232
6.4418
6.35455
6.69138
6.38059
6.24961
6.24478
6.35645
6.56014
7.06894
6.5879
6.66932
6.60539
6.28081
6.2403
6.34808
6.70562
7.20865
6.46755
6.45973
6.24458
6.33925
6.32598
6.2403
6.3816
6.41065
6.4369
6.70243
6.49268
6.76293
6.35925
7.09176
6.95685
6.77608
6.26264
6.4565
6.43277
6.52511
6.25264
6.2403
6.25699
6.40518
6.31813
6.48075
6.26696
6.55604
6.62156
6.50885
6.49583
6.24676
6.4343
6.2995
6.24462
6.31901
7.01652
7.11814
6.81553
6.62269
6.41976
7.05148
6.56047
6.97395
6.67378
6.33098
6.59716
6.47329
6.74057
6.55423
6.40002
6.31199
6.40395
6.46046
6.34946
6.26866
6.29089
6.40702
6.33701
6.5915
6.89399
6.29639
6.52932
6.36754
6.46277
6.72827
6.77009
6.83239
6.4756
6.2403
6.2403
6.41375
6.53544
6.75575
6.49832
6.57019
6.36762
6.40254
6.49077
6.36231
6.4922
6.81722
6.40067
6.38193
6.2403
6.2403
6.38803
6.28334
6.3574
6.38711
6.6369
6.25915
6.37805
6.45448
6.47651
6.2685
6.28116
6.62961
6.64821
6.24887
6.32756
6.4443
6.27549
6.24045
6.45392
6.69555
7.01864
6.30198
6.2403
6.5449
6.43771
6.84292
6.35044
6.3171
6.38636
6.63114
6.4708
6.33886
6.3321
6.67825
6.68359
6.46265
6.56287
6.85194
7.13106
7.14054
6.88133
6.54726
6.63306
6.43802
6.33154
6.44513
6.6884
6.76888
6.45777
6.66571
6.25297
6.27555
6.43276
6.34821
6.42673
6.45302
6.43912
6.36677
6.43334
6.30168
6.34943
6.68953
6.79332
6.72081
6.52103
6.42186
6.72883
6.77382
6.78344
6.34085
6.32884
6.33868
6.29237
6.3808
6.50954
6.41039
6.52975
6.57978
7.00181
6.64763
6.64037
6.47098
6.61333
6.54254
6.59983
6.32124
6.41385
6.43339
6.39412
6.36256
6.38546
6.7254
6.56115
6.31948
6.45463
6.57665
6.31939
6.58963
6.57724
6.50226
6.32038
6.2408
6.62645
6.56409
6.76761
6.96966
6.5287
6.59845
6.43401
6.48935
7.05955
7.00736
6.52358
6.56677
7.00521
6.31343
6.737
6.26177
6.34184
6.59586
6.73001
6.42437
6.28368
6.25792
6.26136
6.31747
6.32587
6.24314
6.82719
6.5958
6.29929
6.3865
6.9426
7.05843
6.7369
6.66818
6.4873
6.46103
7.00899
6.29664
6.73515
6.63879
6.40822
6.45603
6.51147
6.49309
6.44754
6.75406
6.51768
6.39351
6.49753
6.43844
6.59523
6.57074
6.48295
6.40565
6.25795
6.2403
6.90669
6.81705
6.51184
6.29717
6.49849
6.36213
6.33184
6.47365
6.59797
6.6632
6.94879
7.11939
6.71331
6.32063
6.74112
6.46486
6.70739
6.32559
6.41525
6.30161
6.50646
6.54976
6.66931
6.33962
6.50497
6.64254
6.39301
6.65281
6.66598
6.90401
6.82592
6.24994
6.2456
6.47724
6.78211
6.52468
6.84016
7.28231
7.30243
6.60946
6.71216
6.83687
6.35944
6.62143
6.72912
6.5213
6.2685
6.67681
6.85374
6.47457
6.51222
6.50478
6.276
6.39902
6.39664
6.37764
6.29796
6.34602
6.55493
6.38771
6.42581
6.67087
6.8795
6.3148
6.29245
6.6062
6.70045
7.09496
6.69721
6.41598
6.62284
6.78576
7.03799
6.2403
6.40889
6.32163
6.54667
6.9012
6.41354
6.57838
6.66708
7.00848
6.52751
6.4689
6.24691
6.31568
6.61853
6.99062
6.39246
6.33575
6.32115
6.69466
6.66268
6.86264
6.4201
6.4911
6.96962
6.35611
6.27559
6.3857
6.44519
6.62306
6.39628
6.74885
6.4946
6.42549
6.68962
6.72078
6.37459
6.55878
6.38777
6.42778
6.66628
6.35519
6.34048
6.68336
6.9491
6.42623
6.6476
6.36132
6.63404
6.35497
6.37967
6.31488
6.51008
6.37755
6.30478
6.31861
6.36895
6.32941
6.37308
6.2403
6.2403
6.62677
6.37609
6.7223
6.32635
6.41369
6.4614
6.42342
6.58558
7.03978
6.80419
6.62159
6.84999
6.73801
6.9109
6.47553
6.2883
6.27307
6.55017
6.43063
6.33602
6.69904
6.66082
6.35835
6.27706
6.43616
6.32605
6.50345
6.47856
6.67451
6.75206
6.52635
6.26551
6.31629
6.73682
6.41935
6.45837
6.33264
6.40899
6.3913
6.2403
6.59893
6.6571
6.77824
6.42699
6.56808
6.37422
6.58309
6.45761
6.2403
6.66729
6.41326
6.2403
6.39816
6.40655
6.27993
6.31332
6.2403
6.41276
6.41598
6.25291
6.25818
6.37363
6.47208
6.46521
6.28323
6.77608
7.02963
6.49087
6.62797
6.75069
6.66768
6.49825
6.33493
6.55679
7.02872
6.42293
6.39468
6.64376
6.45266
6.50686
6.36603
7.0048
6.72255
6.43866
6.2737
6.58795
6.40745
6.55576
6.64966
6.36317
6.93737
6.42405
6.37138
6.52966
6.613
6.4293
6.60628
6.53789
6.2403
6.3222
6.32918
6.77287
6.81975
6.401
6.6125
6.94839
6.62856
6.50449
6.55778
6.73387
6.28612
6.60708
6.3931
6.26116
6.2403
6.30655
6.46968
6.60198
6.6614
6.2403
6.3354
7.00546
6.54907
6.31246
6.52615
6.4514
6.61987
6.8813
6.71133
6.42786
6.2586
6.51324
6.37763
6.36185
6.52268
6.73495
6.35212
6.45934
6.59599
6.784
6.85104
6.92558
6.50061
6.24779
6.24211
6.48881
6.28837
6.26008
6.33435
6.42314
6.64454
6.44559
6.58773
6.59008
6.7433
6.46488
6.48321
6.82429
7.14087
6.42134
6.48232
6.57609
6.40583
6.65417
6.83579
6.59675
6.56304
6.72855
6.58885
6.88066
6.55198
6.79902
6.5917
6.81086
6.7219
6.84537
6.63839
6.7158
6.71764
7.27193
7.04978
7.01399
7.05524
6.5201
6.25911
6.27884
6.35035
6.38692
6.32022
6.38694
6.35262
6.35021
6.37627
6.38379
6.31388
6.8506
7.22632
6.59254
6.33003
6.56622
6.40627
6.44464
6.99666
6.61262
6.37836
6.60809
6.31461
6.38622
6.46448
6.53157
6.93426
7.10812
6.84295
6.37161
6.48369
6.42527
6.48196
6.25318
6.2403
6.54224
6.85774
6.45644
6.43736
6.73948
6.89564
6.27716
6.38739
6.65341
6.55125
6.69573
6.47171
6.37722
6.34922
6.28922
6.38178
6.2403
6.26707
6.56319
6.51257
6.48579
6.45176
6.46645
6.28378
6.38676
6.43552
6.62125
6.28925
6.32049
6.30194
6.50298
6.49707
6.39758
6.58351
6.29035
6.42449
6.66097
6.67617
6.88219
6.36123
6.66343
6.28667
6.38459
6.50671
6.30343
6.90863
6.68579
6.8138
6.68117
6.51796
6.24096
6.51992
6.36649
6.29878
6.39169
6.8987
6.54939
6.5235
6.64181
6.34262
6.62092
7.06754
6.83008
6.90651
6.79801
6.54855
6.50284
6.2403
6.33556
6.73572
6.30997
6.49146
6.55001
6.53441
6.89635
6.63179
6.43296
6.35049
6.5695
6.48983
6.29429
6.35108
6.34528
6.48574
6.43316
6.85406
6.76247
6.29548
6.51101
6.26378
6.36304
6.35559
6.2403
6.34711
6.40141
6.39388
6.82053
6.40492
6.48201
6.32037
6.7768
6.45017
6.31892
6.48108
6.30315
6.30821
6.24494
6.39727
6.29757
6.29479
6.28254
6.50282
6.6756
6.54047
6.38485
6.43686
6.42391
6.34738
6.57989
6.43388
6.63421
6.39543
7.20257
7.30523
6.29057
6.38296
7.03676
6.48382
6.39786
6.37629
6.3407
6.43369
6.45934
6.6573
6.44994
6.77762
6.73153
6.40455
6.26282
6.46706
6.26069
6.51021
6.60187
6.86948
6.80881
6.59176
6.66033
6.3799
6.74104
6.36551
6.38207
6.30414
6.33085
6.39746
6.69551
6.3069
6.24073
6.28424
6.42355
6.26966
6.2403
6.2403
6.3276
6.43663
6.52476
6.38198
6.38355
7.332
6.38375
6.49516
6.49662
6.49985
6.62797
6.26041
6.25781
6.66372
6.69508
6.37492
6.3348
6.2403
6.40906
6.4006
6.63708
6.5873
6.35373
6.32358
6.79907
6.62715
6.41167
6.29382
6.44732
6.56889
6.34311
6.32964
6.2714
6.31875
6.44654
6.66222
6.74245
6.65403
6.68402
6.39384
6.56445
6.61375
6.33944
6.30066
6.31369
6.32117
6.74477
6.48447
6.45102
6.59974
6.79616
6.48589
6.49377
6.50453
6.49311
6.73163
6.48909
6.40376
6.37518
6.40968
6.37884
6.64388
6.81735
6.47337
6.80861
6.84116
6.9558
6.60996
6.44175
6.52886
6.76687
6.34494
6.39598
6.553
6.97244
6.45334
6.29036
6.25976
6.66242
6.32053
6.53251
6.5925
6.76583
6.83936
6.51685
6.7904
6.50087
6.41245
6.36661
6.61309
6.27999
7.19247
6.69964
6.27291
6.78831
6.86146
6.38217
6.27725
6.3569
6.46577
6.41808
6.69082
6.8246
6.31472
6.24811
6.33212
6.30543
6.29085
6.2403
6.27215
6.29931
6.58276
6.2403
6.40663
6.49144
6.60719
6.45942
6.41035
6.46792
6.32313
6.98089
7.03746
6.78238
6.60497
6.26433
6.45961
6.6417
6.61176
7.24185
6.70307
6.90135
6.66118
6.32803
6.74312
6.24123
6.2403
6.49433
6.45188
6.64203
6.2403
6.28598
6.67946
7.33138
6.82163
6.69879
6.2403
6.55289
6.81838
6.49036
6.34965
6.58941
6.67307
6.51054
6.99854
7.03403
6.302
6.2403
6.29034
6.52062
6.81317
6.74273
6.45424
6.32198
6.36014
6.34888
6.44118
6.53041
6.2403
6.33283
6.38452
6.41756
6.50672
6.734
6.8789
6.49609
6.43537
6.5485
6.69386
6.3252
6.9358
6.67654
6.30081
6.4698
6.86294
6.68239
6.70054
6.96107
6.79274
7.14622
6.89627
6.59852
6.47251
6.67665
7.22688
6.86198
6.65463
6.65589
6.30249
6.2403
6.67591
6.50269
6.44057
6.83691
6.62406
7.16794
6.66215
6.67878
6.53404
6.37155
6.6129
6.8518
7.28841
6.72557
6.89586
6.8619
6.30847
6.34508
6.47808
6.5594
6.4745
6.62717
6.4735
6.57513
6.68845
6.78895
6.71662
6.90422
6.74831
6.35234
6.42337
6.50877
6.86894
6.54466
6.41652
6.67339
6.81934
6.70513
7.34771
6.39962
6.26717
6.48285
6.55422
6.54892
6.35258
6.30449
6.31712
6.24559
6.68406
6.42189
6.2403
6.45296
6.45545
6.50608
6.82769
6.495
6.39035
6.58596
6.95466
6.85058
6.62874
6.26029
6.72152
6.88526
6.84083
6.86638
6.78989
6.63215
6.86579
6.61129
6.72078
6.2403
6.60774
6.35429
6.255
6.63023
6.30619
6.42834
6.59778
6.44371
6.287
6.52073
6.4234
6.32346
6.32988
6.65694
6.40029
6.28735
6.41334
6.92912
6.38039
6.61186
6.60302
6.54566
6.46409
6.27
6.2403
6.29754
6.33325
6.34237
6.77594
6.99666
6.87727
6.2403
6.36487
6.50165
6.48651
6.33564
6.5257
6.30432
6.39588
6.2403
6.50265
6.51929
6.32256
6.64199
6.721
6.8649
6.26292
6.43832
6.32932
6.5423
6.39043
6.37229
6.24314
6.53168
6.60454
6.34524
6.25587
6.5465
6.28802
6.2524
6.31912
6.38999
6.69494
6.43434
6.57905
6.63401
6.43425
6.2403
6.34651
6.74275
6.34938
6.39374
6.46661
6.29973
7.03761
6.68477
6.49154
6.27141
6.59213
6.64487
7.00988
7.24912
6.6981
6.44263
6.241
6.27843
6.77015
6.36291
6.27941
6.29829
6.29232
6.2403
6.41255
6.33026
6.79096
6.64894
6.43646
6.42087
6.71062
6.57437
6.37286
6.27624
6.74548
6.53049
6.70643
7.00589
7.01569
6.51721
6.47477
6.2403
6.24435
6.47259
6.60495
6.73974
6.53453
6.29449
6.24998
6.26403
6.32086
6.34237
6.32548
6.48847
6.2403
6.2403
6.24238
6.35413
6.24183
6.53393
6.44972
6.25227
6.31168
6.46857
6.58217
6.59141
6.40294
6.60917
6.57442
7.00733
7.42741
7.07847
6.48808
6.52107
6.99742
6.40397
6.46044
6.3143
6.37477
6.35076
6.31812
6.28384
6.38939
6.38807
6.62098
6.63088
6.92197
6.57401
6.43137
6.3408
6.37361
6.66189
6.49545
6.29873
6.71277
6.51289
6.52496
6.70093
6.47443
6.42223
6.29493
6.28624
6.4861
6.40727
6.2403
6.2403
6.42053
6.37823
6.89831
6.73748
6.60321
6.3012
6.2933
6.99647
6.48139
6.61093
6.7336
6.38444
6.66192
6.78897
6.7009
6.38317
6.56933
6.2967
6.34234
6.60154
6.51958
6.82695
6.70601
6.5994
6.26171
6.63632
6.29417
6.68876
6.29357
6.49466
6.56603
6.49114
6.50331
6.50132
6.94863
6.63569
6.39484
6.7077
6.46512
6.83102
6.34488
6.27092
6.27802
6.34028
6.26022
6.5701
6.44974
6.28961
6.50078
6.51295
6.45084
6.55472
6.56602
6.55058
6.27162
6.39821
6.53996
6.64707
6.38806
6.31984
6.6682
6.44098
6.42958
6.7213
6.34846
6.89002
6.7273
6.40719
6.55825
6.50797
6.42476
6.8718
6.35593
6.52784
6.26811
6.4799
6.47379
6.41109
6.69604
6.81194
6.47555
6.3779
6.53219
6.59519
6.32695
6.44856
6.59919
6.40198
6.47842
6.70852
6.97709
6.6751
6.26562
6.25269
6.29186
6.50387
6.49642
6.75888
6.61339
6.86038
6.33078
6.71919
6.47081
6.58908
6.30751
6.4083
6.24353
6.74287
7.19329
7.00467
6.79133
6.68667
6.24923
6.32648
6.50079
6.66591
6.70028
6.32173
6.41406
6.37458
6.68305
6.72565
6.39585
6.66364
6.58901
6.51682
6.61337
6.37848
6.742
6.82173
6.28674
6.3968
6.29785
6.2403
6.2468
6.31702
6.2853
6.54231
6.49722
6.37391
6.24056
6.40627
6.33802
6.33929
6.41226
6.71802
6.44206
6.46758
6.29272
6.47045
6.61045
6.26588
6.63501
6.55346
6.89611
6.54261
6.56272
6.66948
6.29416
6.30273
6.47766
6.25019
6.41453
6.32879
6.57913
6.26753
6.58303
6.40717
6.73161
6.92125
6.28738
6.24056
6.35293
6.57447
6.71042
6.84309
6.8245
6.78577
6.40772
6.77657
6.44854
6.34561
6.53821
6.32137
6.2456
6.25213
6.42801
6.51369
6.2403
6.28364
6.34638
6.66878
6.70064
6.28833
6.24963
6.29564
6.36809
6.40748
6.72504
6.67373
6.6331
6.7098
6.55103
6.90042
6.39948
6.56758
6.35019
6.99
6.65372
6.27529
6.24253
6.42752
6.5211
7.01868
6.62001
6.66739
6.6637
6.85576
6.25156
6.36819
6.35391
6.63822
6.49255
6.73934
6.36559
6.32836
6.24974
6.33627
6.25726
6.27109
6.58267
6.67519
7.18336
6.54945
6.39822
6.40718
6.36624
6.97728
6.91492
6.67991
6.62423
6.26033
6.62074
6.65834
6.4664
6.48936
6.73893
6.45923
6.2403
6.2403
6.384
6.25236
6.27026
6.2403
6.29611
6.25769
6.56114
6.57235
6.63528
6.62526
6.69671
6.40415
6.64331
6.33031
6.25793
6.2403
6.2403
6.4905
6.34544
6.71202
6.99146
6.89038
6.32017
6.82761
6.64212
6.82351
6.44413
6.65273
6.60943
6.5525
6.32102
6.52845
7.01343
6.75207
7.22175
6.39571
6.37051
6.71948
6.51402
6.69827
6.76324
6.51313
6.29131
6.30622
6.50042
6.60325
6.41809
6.47263
6.42553
6.39289
6.59729
6.64538
6.44601
6.32029
6.37053
6.24056
6.24374
6.2403
6.2515
6.284
6.31162
6.33118
6.28051
6.31561
6.2596
6.54636
6.31912
6.27862
6.33918
6.31358
6.57147
6.29783
6.39166
6.37779
6.73721
6.36847
6.2662
6.25563
6.25549
6.45187
6.25868
6.25307
6.44179
6.34509
6.54568
6.37329
6.27498
6.53285
6.34681
6.51259
6.41466
6.57373
6.57355
6.53465
6.90087
6.46774
6.58395
6.4995
6.30918
6.2403
6.24082
6.37301
6.2403
6.71983
6.62615
6.66459
6.88521
6.63972
6.96732
6.34629
6.55846
6.50191
6.54391
6.74599
7.12191
6.25807
6.25677
6.2403
6.25796
6.71427
6.76795
6.85235
6.35166
6.42931
6.56969
6.3293
6.29835
6.34209
6.34408
6.38519
6.47171
6.41033
6.66278
6.74719
6.70591
6.42303
6.25698
6.27386
6.67403
6.29689
6.67939
6.44232
6.2403
6.61709
7.16772
6.44514
6.82703
6.45609
6.88016
6.52273
6.50455
6.41368
6.28766
6.68822
6.51005
6.4223
6.39469
6.38783
6.48369
6.71382
6.48896
6.36722
6.47176
6.64141
6.59417
6.77997
6.86468
6.31984
6.2403
6.4152
6.26293
6.58685
6.5771
6.47723
6.291
6.2403
6.28332
6.37124
6.66801
6.34554
6.46474
6.91363
6.492
6.59849
6.96084
6.97368
6.47859
6.44548
6.37442
6.79031
6.59714
6.37264
6.62469
6.37515
6.54497
6.40092
6.24407
6.39913
6.66641
6.51401
7.04593
6.76734
6.2474
6.46716
6.35464
6.38244
6.50801
7.07238
6.63115
6.38141
6.241
6.46733
6.45945
6.52377
6.53851
6.78187
6.44273
6.32619
6.2403
6.32617
6.28735
6.24603
6.26379
6.31662
6.65586
6.39822
6.43868
6.67689
6.25294
6.60309
6.59857
6.84723
6.70861
6.82672
6.45516
6.27886
6.6323
6.38521
6.24848
6.41636
6.40164
6.3607
6.60498
6.54165
6.57283
6.80342
6.51542
6.44043
6.37867
6.41629
6.62677
6.61558
6.54774
6.75504
6.49831
6.25958
6.4368
6.44906
6.9506
6.7691
6.60145
7.07142
6.5427
6.68834
6.42431
6.87618
6.43369
6.35972
6.46191
6.37277
6.4021
6.42106
6.49722
6.80944
6.48392
6.27928
6.2403
6.25165
6.35245
6.52611
6.58355
6.59033
6.3284
6.3156
6.2403
6.25115
6.2465
6.40944
6.41496
6.32536
6.49752
6.49929
6.45211
6.47186
6.97747
6.88709
6.64161
6.58809
6.51699
6.40406
6.43109
6.31206
6.32868
6.33541
6.84832
6.82911
6.56694
6.41928
6.2583
6.24648
6.40789
6.34387
6.25068
6.51964
6.40554
6.73616
6.60203
6.5127
6.24572
6.2403
6.32419
6.56896
6.28936
6.58732
6.68047
6.86327
6.84068
6.329
6.42289
6.50588
6.48159
6.26657
6.60593
6.6399
6.85262
6.54943
6.65006
6.59404
6.55433
6.57926
6.68696
6.47906
6.47827
6.4618
6.33911
6.43345
6.43469
6.32488
6.3914
6.37343
6.44847
6.67703
6.36799
6.48607
6.60399
6.73055
6.60952
6.84291
6.69053
7.01026
6.62794
6.75438
6.74389
6.39125
6.3026
6.2403
6.32032
6.59311
6.44622
6.49357
6.38971
6.86547
6.94105
6.55555
6.27091
6.2403
6.34283
6.62433
6.36789
6.25138
6.52429
6.62898
6.91679
6.71698
6.57318
6.43367
6.54502
6.55569
6.45172
6.35607
6.2403
6.2403
6.39102
6.2403
6.29363
6.2403
6.53329
6.73289
6.62569
6.78604
6.29676
6.60595
6.41872
6.99944
6.36328
6.45227
6.27432
6.53866
6.2894
6.24073
6.60724
6.37486
6.60791
6.92059
6.72787
6.58313
6.42916
6.47242
6.31371
6.28861
6.2403
6.25939
6.2995
6.32099
6.44413
6.444
6.7133
6.73645
6.51393
6.60177
6.30838
6.26272
6.3126
6.35899
6.408
6.26403
6.35034
6.40922
6.32375
6.45303
6.34801
6.2837
6.42091
6.66821
6.2464
6.27907
6.41553
6.2605
6.35059
6.37769
6.31178
6.62445
6.33174
6.80405
6.50484
6.414
6.3042
6.29148
6.32514
6.36222
6.30131
6.33161
6.51074
6.71474
6.27711
6.6227
6.87085
6.53677
6.68856
6.67335
6.40941
6.40901
6.36436
6.29156
6.504
6.79696
6.52278
6.49751
6.42962
6.71719
6.36456
6.26616
6.51064
6.24081
6.32212
6.31954
6.62606
6.89027
6.2849
6.2403
6.24671
6.31099
6.48502
7.0798
6.34163
6.44322
6.49024
6.28699
6.70922
6.73251
6.25174
6.3162
6.26564
6.2403
6.5856
6.51723
6.82772
6.50774
6.51947
6.43794
6.54188
6.48042
6.54483
6.33872
6.33995
6.2403
6.51339
6.51636
6.34234
6.24689
6.27767
6.37643
6.45496
6.3277
6.87889
6.64454
6.58045
6.35997
6.33841
6.3404
6.25313
6.2403
6.66723
7.174
7.11574
6.7774
6.30912
6.41015
6.2403
6.38952
6.24071
6.29915
6.66122
6.64323
6.75118
6.90731
6.9045
6.55047
6.36835
6.50268
6.62271
6.44148
7.01155
6.44054
6.30533
6.25512
6.6613
6.50779
7.10744
6.35678
6.62965
6.62241
6.53868
6.52779
6.49368
6.2403
6.40982
6.2403
6.43968
6.39441
6.60189
6.44094
6.74496
6.53103
6.29948
6.27218
6.40687
6.26307
6.39095
6.65123
6.63387
6.51397
6.85764
6.86445
6.52932
6.66242
6.81683
6.27138
6.30826
6.24447
6.63596
6.7101
6.77924
6.52998
6.64748
6.96147
6.77151
6.44346
6.45362
6.45091
6.42494
6.24198
6.24684
6.29353
6.5735
6.48865
6.68789
7.09767
6.81286
6.61932
6.54011
6.79341
6.85885
6.29478
6.35737
6.46045
6.52963
6.4572
6.49497
6.42074
6.28514
6.6516
6.50616
6.34986
6.32862
6.28765
6.40908
6.4449
6.2768
6.2403
6.32605
6.51652
6.28581
6.51218
6.24842
7.58639
7.21771
6.45099
6.37725
6.29038
6.4043
6.47981
6.55598
6.52208
6.73815
6.78249
6.99594
6.72176
6.52076
6.39945
6.85432
6.49309
6.33211
6.59459
6.31154
6.3192
6.65099
6.42183
6.42341
6.33925
6.33695
6.76424
6.50398
6.73475
6.53264
6.28032
6.30188
6.53577
6.4037
6.30088
6.36683
6.2558
6.24353
6.27169
6.35697
6.28309
6.66709
6.36192
6.75786
6.73256
7.344
6.7963
6.2403
6.56453
6.81297
6.26139
6.28497
6.32861
6.36468
6.35705
6.25365
6.60987
6.40899
6.29616
6.67584
6.73426
6.58506
6.51343
6.72103
6.3406
6.24552
6.33831
6.82737
6.68957
6.2728
6.53907
6.56949
6.64125
7.08746
6.29457
6.44358
6.36536
6.24994
6.45345
6.2403
6.3375
6.67479
6.6526
6.39949
6.35303
6.24045
6.3564
6.24435
6.82426
7.11308
6.45561
6.34952
7.11119
6.90433
6.99974
6.69742
6.85655
6.90628
6.66267
6.36175
6.28458
6.55956
6.33035
6.59848
6.50224
6.25019
6.32057
6.62466
6.34868
6.72765
6.65922
6.78688
6.43591
6.66604
6.81635
6.55058
6.90845
6.74699
6.60288
6.43213
6.47237
6.27657
6.37576
6.47081
6.36727
6.77016
6.50458
6.67936
6.88729
6.56236
7.03175
6.31477
6.3961
6.27429
6.3687
6.46782
6.42096
6.49949
6.28729
6.3064
6.29468
6.79937
6.53406
6.28518
6.47256
6.35578
6.4924
6.97099
6.76821
6.38592
6.66569
6.66496
6.61189
6.72816
7.27963
6.4892
6.2663
6.73414
6.71052
6.84163
6.64805
6.24613
6.41287
6.77174
6.2777
6.31259
6.25681
6.61863
6.65026
6.66985
6.67352
6.59116
6.2403
6.88356
6.37603
6.2403
6.39907
6.4837
6.41084
6.54602
6.32862
6.51518
6.65784
6.52167
6.68021
6.2531
6.42127
6.70135
6.86237
6.50207
6.35294
6.66993
6.33889
6.32839
6.47567
6.29649
6.25523
6.2421
6.53776
6.35971
6.33505
6.44221
6.3582
6.68663
6.62405
6.56022
6.36786
6.27751
6.29674
6.46744
6.50409
6.41927
6.42578
6.54272
6.55186
6.39709
6.55536
6.26738
6.29472
6.2403
6.41483
6.25128
6.54604
6.83604
6.64749
6.36033
6.47119
6.5286
6.46492
6.86049
6.60542
6.48049
6.57643
6.24234
6.53411
6.36226
6.2403
6.52017
6.43993
6.35159
6.8031
6.78528
6.61972
7.077
6.87462
6.66889
6.5939
6.94213
6.72292
6.70797
6.72175
6.71225
6.75168
6.26018
6.48317
6.53964
6.7267
6.42078
6.63462
6.71856
6.82025
6.4997
6.29259
6.45687
6.40632
6.29244
6.4849
6.3871
6.31071
6.35217
6.53094
6.5207
6.49789
6.43192
6.73015
6.56809
6.5733
6.34528
6.35148
6.38613
6.34768
6.50328
6.6401
6.57225
6.45216
6.35025
6.33383
6.4138
6.40201
6.40302
6.33618
6.37152
6.38097
6.95037
6.30515
6.25717
6.26519
6.5186
6.31773
6.44887
6.26309
6.36902
6.53338
6.61269
6.67464
6.3683
6.30769
6.50583
6.69141
6.25385
6.24535
6.27539
7.05719
6.66019
6.68088
6.52282
6.27936
6.45172
6.78049
6.4854
6.35988
6.40918
6.28188
6.27222
6.27512
6.40399
6.51069
6.2403
6.313
7.00176
6.73261
6.49008
6.3911
6.30011
6.32859
6.24123
6.35207
6.28479
6.60274
6.45241
6.6732
6.51884
6.29053
6.51508
6.71649
6.46662
6.90418
6.77637
6.46773
6.2403
6.25118
6.32781
6.44834
6.44104
6.61276
7.05972
6.74121
6.58774
6.34383
6.68695
6.52904
6.45657
6.87579
6.3007
6.5685
6.93553
7.06236
6.6839
7.06294
6.95712
6.89545
6.27378
6.38164
6.47958
6.57427
6.82296
7.12424
6.70353
6.55514
6.99255
6.6198
6.659
7.03401
6.3191
6.28216
6.83127
6.62469
6.86768
6.98273
6.47845
6.48007
6.38853
6.59839
6.37036
6.79647
6.2403
6.59658
6.43398
6.4464
6.56446
6.36895
6.3567
7.06051
6.32348
6.36758
6.72648
6.54581
6.38903
6.36129
6.51951
6.61677
6.38516
6.41862
6.43757
6.70681
6.37788
6.44328
6.32494
6.42983
6.45377
6.45585
6.33788
6.44786
6.51872
6.26027
6.69499
6.56403
7.10462
6.5689
6.601
6.47897
6.58617
6.57433
6.77419
6.58803
6.78719
6.60238
6.36177
6.88069
6.6548
6.75581
6.57937
6.29542
6.4659
6.42841
6.24073
6.5207
6.53991
6.32133
6.59977
7.0701
6.5564
6.40349
6.52739
6.80529
6.81989
6.38101
6.31705
6.98197
6.74036
6.90298
6.38317
6.2403
6.53984
6.56236
6.97212
6.84653
7.25613
6.78973
6.25988
6.26955
6.27506
6.42234
6.2403
6.60878
6.39682
6.59653
6.6082
6.45564
6.71083
6.3856
6.63627
6.78501
6.59702
6.69606
6.2403
6.36277
6.34167
6.35994
6.40381
6.51526
6.42234
6.36051
6.35604
6.38104
7.02814
7.28244
6.63153
6.79542
6.86979
6.71927
6.34037
6.2403
6.39797
6.34425
6.27647
6.52153
6.43339
6.35096
6.36137
6.34391
6.42218
6.4047
6.33783
6.66048
6.69683
6.33755
6.28551
6.46265
6.67221
6.5381
6.6925
6.49216
6.45392
6.47485
6.64737
6.57482
6.79136
6.54141
6.32532
6.2403
6.49116
6.26118
6.64649
6.36527
6.53713
6.28301
6.38097
6.44642
6.47387
6.62255
6.50915
6.45315
6.70727
6.39486
6.68813
6.30068
6.60649
6.25404
6.57307
6.51431
6.3332
6.3737
6.58267
6.36506
6.40766
6.29787
6.37421
6.56916
6.34321
6.26443
6.52485
6.87086
6.38476
6.42029
6.53287
6.33909
6.27696
6.94222
6.29491
6.34329
6.42609
6.75439
6.94213
7.09178
6.8482
6.42083
6.3628
6.73498
6.72121
6.69588
6.43922
6.2403
6.34107
6.78725
6.8819
6.6021
6.99722
6.46471
6.41357
6.2403
6.62725
6.73335
6.66429
6.26359
6.37267
6.24613
6.26397
6.42831
6.65027
6.3813
6.2777
6.40701
6.52402
6.72635
6.73054
6.43685
6.31291
6.67149
6.36397
6.57038
6.36732
6.89844
6.4713
7.08028
6.59189
6.38997
6.38818
6.37442
6.43302
6.50337
6.58066
6.82739
6.41404
6.2403
6.24226
6.59082
6.91609
6.76619
6.29498
6.54839
6.66295
7.03804
6.44943
6.60869
6.40176
6.33947
6.36189
6.43272
6.53966
6.57941
6.43213
6.36506
6.28662
6.52042
6.33696
6.26842
6.35762
6.62564
6.66296
6.41068
6.31815
6.25933
6.2837
6.45831
6.4406
6.3662
6.25116
6.43235
6.93022
6.49556
6.45192
6.71191
6.24833
6.33807
6.4956
6.45998
6.86353
6.71522
6.27295
6.38323
6.27674
6.32383
6.2403
6.24484
6.3232
7.13683
6.80551
6.34186
6.31363
6.92914
6.81965
6.51624
6.54756
6.49419
6.45056
6.29335
6.41965
6.31036
6.30049
6.34375
6.64074
6.61934
6.63845
6.36747
6.46244
6.592
6.28366
6.25143
6.27984
6.24941
6.31493
6.56745
6.59818
6.26997
6.65714
6.58461
7.0033
6.72667
6.42805
6.67131
7.07103
6.46688
6.55694
6.54769
6.67041
6.76087
6.87604
6.51776
6.31145
6.29455
6.24537
6.2403
6.31757
6.36052
6.27287
6.34535
6.37085
6.71496
6.8317
7.10321
6.96347
6.82236
6.2512
6.2403
6.27272
6.53369
6.34851
6.35341
6.60865
6.58067
6.37591
6.67048
6.73525
6.4222
6.9049
6.88223
6.40715
6.60734
6.51962
6.72309
6.69217
6.60506
6.79632
6.33584
6.62328
6.52339
6.54044
6.47858
6.48857
6.72452
6.27826
6.26571
6.49922
6.53053
6.2403
6.49532
6.25971
6.43015
6.27074
6.43541
6.51016
7.00067
6.24526
6.34671
6.30743
6.46428
6.2403
6.55875
6.63518
6.69983
6.59007
6.66849
6.37898
6.81116
6.30617
6.50263
6.45792
6.34587
6.54765
6.42303
6.48239
6.66759
6.70693
6.29229
6.2403
6.27474
6.52479
6.49969
6.24379
6.31761
6.45256
6.56149
6.28427
6.37269
6.36528
6.69544
6.43276
6.25785
6.53993
6.52124
6.44861
6.2616
6.5953
6.59418
6.24081
6.60547
6.69313
6.4559
6.56477
6.56106
6.49292
6.4301
6.48122
6.40888
6.36048
6.91642
6.68233
6.33178
6.39203
6.66222
6.58846
6.6013
6.65651
6.61808
6.81085
6.46292
6.88162
6.61478
6.24183
6.38238
6.32716
6.65788
6.69395
6.39877
6.614
6.27722
6.40687
6.60151
6.32922
6.2403
6.65727
6.29469
6.28658
6.40387
6.71505
6.4351
6.87682
7.00728
6.46733
6.38581
6.3581
6.43533
6.25728
6.47714
6.49475
6.36504
6.86001
6.74269
6.33727
6.38012
6.73003
6.4718
6.54876
6.34239
6.79646
6.43133
6.27126
6.25824
6.32966
6.2416
6.32428
6.44014
6.56907
6.64646
6.27485
6.38971
6.95963
6.32685
6.73079
6.29102
6.38142
6.2403
6.80175
6.63694
6.43074
6.59619
6.25024
6.46257
6.38547
6.74223
6.42079
6.53661
6.52567
6.82095
6.60495
6.36728
6.34567
6.60174
6.47643
6.41574
6.2407
6.43934
6.37292
6.6645
6.5546
6.5421
6.28569
6.49867
6.28005
6.24656
6.80277
6.57938
6.37825
6.59333
6.5817
7.03452
6.27778
6.41116
6.3076
6.45087
6.99991
6.29691
6.36238
6.352
6.2403
6.27231
6.43047
6.34198
6.2621
6.54989
6.61418
6.36936
6.46776
6.3072
6.48483
6.78983
6.51079
6.2403
6.3205
6.86759
6.55431
6.31263
6.55792
7.03186
6.47055
6.71993
6.39141
6.55442
6.27525
6.30081
6.24081
6.24314
6.26642
6.2416
6.37644
6.38926
6.61215
6.29747
6.74012
6.48851
6.46853
6.49965
6.26345
6.39432
6.35984
6.40936
6.67587
6.2403
6.2501
6.96057
6.39753
6.2556
6.41678
6.80014
6.89263
6.2403
6.70181
6.40154
6.44654
6.56128
6.49399
6.35143
6.67569
6.52713
6.5671
6.56832
6.44047
6.29509
6.4012
6.46487
6.55367
6.2445
6.31997
6.45449
6.24844
6.4299
6.49705
6.28758
6.63253
6.40645
6.62307
6.3489
6.33947
6.58951
6.64377
6.59519
6.79611
6.5762
6.78711
6.26563
6.61857
6.46576
6.46398
6.68728
6.32726
6.24082
6.39066
6.35278
6.24526
6.34444
6.47203
6.57641
6.39129
6.36397
6.39559
6.32454
6.24497
6.35135
6.86602
6.60754
6.43099
6.47985
6.56525
6.39375
6.37314
6.58217
7.14274
6.94646
7.33698
6.61494
7.03714
6.80454
7.00154
6.44079
6.36968
6.29852
6.42295
6.49242
6.63119
6.94124
6.51354
6.39178
6.46911
6.37727
6.45105
6.65543
6.53562
6.51441
6.80998
6.29008
6.49948
6.63535
6.60801
6.81491
6.29136
6.31959
6.53321
6.36895
6.77271
6.78628
6.67796
6.33966
6.62571
6.30803
6.36647
6.54071
6.70863
6.25862
6.56865
6.74803
6.84302
6.81436
6.95086
6.77725
6.69836
6.38127
6.63391
6.68796
6.40209
6.57484
6.44537
6.75979
6.59358
7.18741
6.79571
6.36767
6.64506
6.63998
6.58648
6.7551
6.60493
6.56523
6.34799
6.25199
6.6929
6.27272
6.62549
6.34228
6.33724
6.54601
6.3733
6.5056
6.39497
6.35956
6.55557
6.53261
6.61015
7.22556
6.57788
6.24739
6.41123
6.57836
6.35095
6.2403
6.39688
6.51459
6.70616
6.5773
6.28146
6.29191
6.27286
6.28303
6.2403
6.34462
6.90983
6.80546
6.24676
6.47646
6.43903
6.43642
6.43581
6.67977
6.3858
6.25874
6.26573
6.5578
6.51876
6.69025
6.64754
6.63688
6.29831
6.46435
7.20639
6.96518
6.80991
6.50993
6.44169
6.61173
6.36935
6.30094
6.58006
6.70346
6.48821
6.34885
6.26497
6.24186
6.29676
6.30484
6.29283
6.67389
6.92078
6.84497
6.90979
6.47713
6.55122
6.32029
6.41575
6.88018
6.30983
6.8357
6.32397
6.40643
6.3282
6.90104
6.33327
6.32234
6.50481
6.37624
6.43081
6.67385
6.28423
6.57173
6.94206
6.5958
6.47873
6.3168
6.30818
6.28513
6.27361
6.43883
6.43606
6.33869
6.31931
6.40086
6.28703
6.27726
6.38711
6.40275
6.2403
6.38736
6.76919
6.83649
6.31437
6.3545
6.26451
6.24967
6.68383
6.52583
6.27894
6.36032
6.81459
6.48451
6.66405
6.61965
6.84295
6.51939
6.81257
6.38226
6.30471
6.37408
6.80627
6.55988
6.44402
6.50331
6.7401
6.26892
6.2403
6.28801
6.56153
6.66237
7.0433
7.11529
6.57793
6.72899
6.41016
6.33981
6.3148
6.25173
6.2403
6.243
6.39813
6.24065
6.34055
6.27376
6.60678
6.5037
6.79733
6.40197
6.38478
6.63626
6.85059
6.50341
6.47203
6.59468
6.66008
6.72373
6.2403
6.31548
6.65282
6.75095
6.81619
6.6046
6.49182
6.35049
6.57873
6.3045
6.29332
6.55433
6.32251
6.30488
6.67187
6.52427
6.5925
6.83253
6.70086
6.66629
6.49139
6.56053
6.75386
6.68853
6.38876
6.51302
6.68371
6.9995
6.6861
6.45104
6.53463
6.47473
6.50777
6.33578
6.31318
6.5793
6.6265
6.80761
6.44528
6.46226
6.37497
6.49773
6.40915
6.3437
6.60032
6.37899
6.76961
7.04287
6.86283
6.41929
6.837
6.24979
6.54459
6.53908
6.72079
6.52309
6.51199
6.35403
6.29289
6.39475
6.51453
6.40259
6.48445
6.40245
6.55056
6.44881
6.26001
6.2403
6.25632
6.35842
6.46512
6.40174
6.43504
6.60309
6.67064
6.37035
6.38439
6.24585
6.25461
6.2421
6.35499
6.35057
6.43369
6.24603
6.24073
6.28304
6.2403
6.29918
6.52636
6.6136
6.30401
6.55422
6.85756
6.80813
6.48971
6.58284
6.40758
6.24183
6.2403
6.25935
6.34297
6.74458
6.31368
6.46239
6.34884
6.2403
6.27885
6.38342
6.32922
6.40096
6.58353
6.58259
6.36742
6.37608
6.34768
6.25025
6.29573
6.978
6.45541
6.47404
6.63598
6.76728
6.8219
6.29787
6.57811
6.6093
6.43488
6.69348
6.69805
7.00742
6.48987
6.36226
6.44862
6.84642
6.28153
6.36809
6.35757
6.30252
6.32992
6.5485
6.53139
6.44382
6.4155
6.61092
6.36899
6.4329
6.56266
6.88958
6.80937
6.84946
6.87821
6.69658
6.32509
6.52605
6.45139
6.73996
6.32996
6.45316
6.80117
6.46998
6.53542
6.43817
6.74007
6.37454
6.54977
6.3346
6.54768
6.54169
6.38498
6.35141
6.47382
6.47062
6.25331
6.51122
6.36105
6.37266
6.50952
6.25535
6.58188
6.35932
6.35226
6.39248
6.81452
6.59055
6.38923
6.26894
6.72931
6.60011
6.48103
6.59591
6.84545
6.53157
6.3631
6.5684
6.918
6.50075
6.50229
6.2403
6.25884
6.40522
6.2802
6.2403
6.70589
6.5673
6.64778
6.71718
6.41395
6.37811
6.34475
6.67972
6.92282
7.02287
6.36322
6.83538
7.16455
6.84566
6.30268
6.6133
6.56414
6.50623
6.26979
6.2403
6.66331
6.46758
6.55527
6.78042
6.77364
6.3985
6.61723
7.03181
6.61857
6.47297
6.30583
6.532
6.50937
6.2403
6.55881
6.94575
6.58582
6.63232
6.69862
6.46883
6.56082
6.59105
6.5475
6.52768
6.38286
6.36556
6.39231
6.98619
7.10392
6.54415
6.37362
6.2403
6.38834
6.37
6.61704
6.49181
6.41237
6.47112
6.34204
6.33866
6.35742
6.29703
6.27816
6.33031
6.43065
6.6338
6.55896
7.15493
6.53486
7.04885
6.68021
6.89125
6.68175
6.34059
6.31731
6.62108
6.69362
6.84927
7.03347
6.72079
6.66654
6.44579
6.61906
6.329
6.37719
6.45697
6.81269
6.45279
6.29914
6.35323
6.40165
6.25738
6.43598
6.24302
6.36649
6.34437
6.47344
6.91838
6.63185
6.31854
6.43115
6.27681
6.51756
6.32548
6.40963
6.45845
6.45643
6.56374
6.68958
6.59039
7.21975
7.20326
6.45378
6.62819
6.5891
6.29247
6.28869
6.38775
6.6474
6.26502
6.2407
6.29891
6.38329
6.32186
6.31748
6.46929
6.71979
6.57353
6.4197
6.66736
6.29563
6.40707
6.2756
6.58383
6.47684
6.31737
6.34558
6.24045
6.41216
6.49501
6.29946
6.65284
7.17785
6.33898
6.32085
6.28467
6.24815
6.24073
6.36028
6.25868
6.26836
6.24248
6.5012
6.65569
6.41827
6.69516
6.95405
6.88406
6.93644
6.73679
7.13479
6.64759
6.55712
6.6804
6.56618
6.85604
6.51928
6.27143
6.2403
6.40036
6.57395
6.75018
6.326
6.59711
6.59882
6.54024
6.4317
6.78795
6.58447
6.27941
6.25492
6.53986
6.37769
6.47486
6.30033
6.41084
6.38118
6.2672
6.35447
6.2403
6.51517
7.03579
6.68896
7.10014
6.88778
6.2403
6.69049
6.34472
6.40623
6.63703
7.01023
6.40558
6.46799
6.59815
6.45069
6.59476
6.5709
7.18682
6.43606
6.70962
6.31736
6.27183
7.1184
6.46841
6.30652
6.32363
6.39186
6.31128
6.33297
6.58002
6.33793
6.45628
6.55281
6.40056
6.2403
6.33774
6.41358
6.60285
6.24435
6.2403
6.52492
6.8259
6.72077
6.73382
6.40473
6.6115
6.43753
6.24045
6.47475
6.39066
6.66408
6.53868
6.36652
6.52299
6.35626
6.48927
6.91982
6.29005
6.2403
6.36388
6.827
6.55691
6.50917
6.93565
6.69116
6.70078
6.48317
6.51756
6.36242
6.31132
6.40146
6.75383
6.3922
6.36206
6.58117
6.31725
6.75056
6.63753
6.7605
7.10651
6.84805
6.67739
6.26673
6.41441
6.27371
6.48453
6.69501
6.48799
6.51836
6.43159
6.56876
6.30898
6.42363
6.65284
6.52209
6.51589
6.63236
6.57658
6.72208
6.43398
6.40826
6.32489
6.27865
6.37335
6.26133
6.39392
6.41837
6.32555
6.273
6.47684
6.34323
6.25313
6.34192
6.57386
6.72548
6.6647
6.49409
6.4107
6.44617
6.38331
6.83059
6.77552
6.41702
6.70884
6.70901
7.01603
6.83879
6.50001
6.45615
6.52003
6.96423
6.45374
6.62699
6.36354
6.29953
6.31058
6.45059
6.38851
6.70938
6.44554
6.51508
6.34084
6.90841
6.89056
6.68015
6.27256
6.4446
6.5611
6.55929
6.46289
6.69743
6.5359
6.2686
6.31452
6.71608
6.32391
6.29318
6.66766
6.8177
6.72172
6.97653
6.56757
7.10981
6.61525
6.74835
6.24727
6.31491
6.48669
6.54753
6.5659
6.31446
6.25354
6.26738
6.44625
6.32109
6.55495
6.26162
6.2403
6.29483
6.4104
6.39863
6.64754
6.37214
6.35808
6.31702
6.4594
6.59609
6.58811
6.39207
6.24382
6.27946
6.25451
6.59023
6.73355
6.43966
6.26296
6.25116
6.40222
6.38357
6.44125
6.50841
6.72443
6.54385
6.32827
6.59106
6.64061
6.51296
6.60228
6.57639
6.32998
6.56026
6.63566
6.64922
6.2692
6.44106
6.44114
6.58577
6.57741
6.93372
6.83985
6.55419
6.28908
6.52354
6.27327
6.34324
6.65496
6.507
6.48995
6.31791
6.45537
6.43065
6.38516
6.35029
6.9398
6.47192
6.41226
6.47157
6.44043
6.55596
6.38544
6.92159
6.627
6.41904
6.31619
6.2456
6.32908
6.72858
6.79699
6.86965
6.54965
6.42069
6.54611
6.37718
6.52919
6.39329
6.26255
6.32207
6.28169
6.71242
6.96552
6.79781
6.46655
6.293
6.46841
6.38444
6.33334
6.26647
6.30983
6.27851
6.50973
6.5773
6.48904
6.87143
6.68462
6.93765
6.95357
6.97988
6.84226
6.60104
6.98317
6.78467
6.62602
6.70137
7.06518
6.56136
6.54211
6.63214
6.50084
7.02424
6.32791
6.32477
6.30788
6.27154
6.75216
6.94328
6.367
6.62222
6.39233
6.26062
6.2403
6.29773
6.40924
6.5921
6.43112
6.35882
6.46642
6.4269
6.52629
6.62334
6.48952
6.46045
6.35346
6.26222
6.45767
6.51571
6.59104
6.31868
6.53609
6.45964
6.48833
6.33362
6.3945
6.32907
6.25347
6.24073
6.63748
6.91013
7.01698
6.46896
6.2825
6.30311
6.36724
6.281
6.49986
6.51795
6.78332
6.38337
6.35892
6.37548
6.68963
6.80219
6.41539
6.24384
6.288
6.31075
6.24804
6.5314
6.38236
6.27286
6.64549
6.81226
6.37136
6.29473
6.2403
6.2403
6.65236
6.48165
6.77166
6.54213
6.29762
6.46973
6.47207
6.59404
6.6211
6.29662
6.62721
6.40879
6.4827
6.89675
6.82901
6.96817
6.67323
6.61655
6.73224
7.21103
6.76161
6.55428
6.40875
6.91216
6.98747
6.44066
6.73925
6.70694
6.5194
6.29428
6.29975
6.4355
6.36197
6.5253
6.2403
6.62006
6.4954
6.3815
6.67019
6.35596
6.31856
6.33294
6.34664
6.45789
6.87093
6.96182
6.82659
6.64797
6.59705
6.50922
6.28182
6.7249
6.53037
6.41685
6.39606
6.36149
6.60665
6.92082
6.62526
6.60577
6.8001
6.77319
6.34217
6.32831
6.73345
6.66145
6.48108
6.7281
6.48473
6.51405
6.61911
6.53839
6.2768
6.60973
6.43473
6.93258
6.38561
6.2403
6.2403
6.65469
6.46519
6.27325
6.27038
6.38543
6.4367
6.49441
6.34643
6.40504
6.4626
6.69456
6.54746
6.49327
6.56664
6.64989
6.3792
6.54128
6.31352
6.2403
6.71021
6.84639
6.43503
6.72041
6.61945
6.4456
6.38131
6.90681
6.95038
6.65738
6.89835
6.47354
6.44676
6.32427
6.38131
6.48303
6.25857
6.84667
6.57353
6.55443
6.36446
6.78312
6.67508
6.80764
6.34407
6.32678
6.36561
6.68285
6.52016
6.47919
6.32406
6.422
6.79168
6.64384
6.75997
6.53995
6.7254
6.70036
6.5573
6.71788
6.51724
6.88829
7.09161
6.51897
6.60371
6.6123
6.45937
6.2407
6.38573
6.60378
6.2963
6.5154
6.69764
6.45504
6.3731
6.34821
7.20158
6.62497
6.45395
6.79208
6.54529
6.34801
6.42426
6.41188
6.43033
6.50416
6.49955
6.60566
6.37427
6.30703
6.31053
6.60623
6.69073
6.62497
6.61244
6.31583
6.3878
6.43961
6.99528
7.30061
6.41609
6.26345
6.46266
6.49133
6.25242
6.68101
6.53515
6.6377
6.44873
6.57804
6.30868
6.2416
6.33662
6.37744
6.44631
6.47863
6.45696
6.2403
6.97178
6.95016
7.11963
6.3697
6.59356
6.59922
6.30786
6.99353
6.36876
6.2859
6.6553
6.61934
6.80736
6.36845
6.37723
6.31853
6.38456
6.29901
6.44779
6.94826
7.17506
6.69518
6.43572
6.37208
6.31325
6.30287
6.68938
6.31506
6.76079
6.4476
6.24991
6.52775
6.41164
6.2673
6.52293
6.43958
6.6206
6.35456
6.24384
6.73586
6.76624
6.46132
7.00012
6.84408
6.49689
6.2407
6.41063
6.56288
6.67661
6.28154
6.40422
6.2403
6.34675
6.39071
6.30228
6.55461
6.53484
6.35212
6.30655
6.28171
6.39353
6.35166
6.37594
6.34972
6.73062
6.43229
6.48205
6.49701
6.31232
6.2403
6.61829
6.27465
6.34329
6.41218
6.63146
6.69383
6.28117
6.45015
6.59411
6.50889
6.39521
6.43457
6.55461
6.49023
6.77895
6.82587
6.71207
6.76819
6.9606
6.45834
6.40919
6.3105
6.9738
6.55795
6.36141
6.31503
6.3363
6.24559
6.29564
6.31162
6.37655
6.33662
6.27449
6.24789
6.37485
6.5589
6.60977
6.4326
6.37929
6.46991
6.54211
6.86435
6.70845
6.74786
6.49223
6.87153
6.78367
6.53594
6.29127
6.37437
6.50976
6.27624
6.49584
6.47109
6.58494
6.48622
6.4086
6.88743
6.7657
6.67459
6.44506
6.29951
6.85916
6.3689
6.2407
6.4075
6.30455
6.36576
6.38963
6.78821
6.77308
6.57308
6.73184
6.64674
7.3743
7.05694
7.08255
6.61608
6.41283
6.77437
6.55653
6.83137
6.48834
7.04002
6.24931
6.44131
6.64963
6.62824
6.38103
6.376
6.87686
6.4759
6.55385
6.29936
6.41787
6.41307
6.50963
6.27246
6.31225
6.40337
6.83729
6.25291
6.61887
6.56929
6.55325
6.78723
6.81072
6.80009
6.2403
6.40903
6.2867
6.65088
6.39555
6.51291
6.49066
6.38614
6.54698
6.55686
6.62723
6.34284
6.63892
6.31806
6.37206
6.61844
6.6681
6.2403
6.42293
6.41996
6.28422
6.27127
6.33725
6.29059
6.30149
6.29404
6.47125
6.77725
6.2403
6.2762
6.63991
6.5422
6.5252
6.63946
6.30201
6.46995
6.61625
6.25264
6.42073
6.28461
6.29429
6.65464
6.4145
6.90348
6.70204
7.55895
6.47928
6.3468
6.4186
6.26924
6.2403
6.40171
6.2403
6.25799
6.39453
6.49283
6.61839
6.48253
6.93125
6.90356
6.2456
6.35403
7.1106
6.605
6.4543
7.02291
6.26682
6.51113
6.63277
6.58581
6.95648
6.7516
6.29157
6.33074
6.2403
6.2403
6.29957
6.54866
6.45508
6.25754
6.61415
6.47349
6.27095
6.52137
6.33462
6.40511
6.51252
6.4257
6.493
6.31663
6.38731
6.84112
6.35169
6.66487
6.56008
7.15827
6.91463
6.53902
6.2978
6.243
6.31022
6.31597
6.58418
6.3325
6.27563
6.37033
6.83071
6.4298
6.27208
6.59346
6.26536
6.36456
6.38435
6.86331
6.5941
6.43903
6.39152
6.2927
6.242
6.2747
6.48842
6.2957
6.37608
6.39459
6.32789
6.52152
6.48723
6.97157
6.93649
6.97339
6.95034
6.61774
6.48316
6.37185
6.8226
6.43431
6.48952
6.34235
6.58933
6.62299
6.38094
6.34643
6.71936
6.68041
6.74759
6.38591
6.70461
6.3671
6.29808
6.31299
6.33281
6.5447
6.70038
6.34108
6.29085
6.25248
6.3465
6.45794
6.81574
6.29556
6.87923
6.82632
6.5435
6.55908
6.52527
6.59946
6.33884
6.58564
6.62379
6.76927
6.45486
6.72881
6.3615
6.25691
6.36862
6.69934
6.88475
6.64447
6.81467
6.66379
6.81859
6.63096
6.38017
6.26933
6.2403
6.31763
6.25375
6.34602
6.40601
6.49763
6.84183
6.80328
6.52404
6.37207
6.5113
6.56059
6.36755
6.24183
6.68958
6.53829
6.308
6.2403
6.66538
6.30955
6.5336
6.59292
6.49213
6.2535
6.36239
6.53993
6.30472
6.5882
6.62348
6.60191
6.68995
7.01829
6.55436
6.4635
6.73042
6.4783
6.31239
6.54259
6.37873
6.38504
6.95364
6.28038
6.42578
7.22135
6.49687
6.47365
6.34054
6.45621
6.38291
6.47718
6.6178
6.62184
6.2421
6.29603
6.2796
6.65649
6.48489
6.32986
6.41651
6.46707
6.2403
6.70031
6.38354
6.40552
6.31595
6.33781
6.4512
6.69928
6.58278
6.58356
6.61641
6.27203
6.26102
6.51031
6.3689
6.68883
6.54849
6.5386
6.59939
6.61153
6.42304
6.8141
6.88982
6.94439
6.9178
6.66465
6.73465
6.75752
6.38411
6.42027
6.8264
6.81462
6.7368
6.52391
6.89211
6.89043
6.33001
6.37036
6.52795
6.4142
6.44905
6.41793
6.63162
6.42772
6.55463
6.47324
6.86577
6.42326
6.48952
6.59277
6.77669
6.57959
6.7374
6.76026
7.01433
6.31662
6.89553
6.40733
6.76148
6.32079
6.62886
6.7405
6.59595
6.25973
6.64437
6.50334
6.74887
6.42119
6.33197
6.24173
6.25144
6.30998
6.56102
6.43116
6.50329
6.3989
6.58898
6.51284
6.47331
6.56503
6.37496
6.26824
6.64592
6.40148
6.41023
6.68933
6.77646
6.54073
6.60524
6.49498
6.6706
6.34476
7.01911
6.56854
6.25892
6.80637
6.42786
6.4801
6.30139
6.62526
6.46235
6.33044
6.67245
6.63527
6.45069
6.61626
6.51634
6.5862
6.37007
6.37554
6.41387
6.54309
6.63247
6.53175
6.74892
6.25287
6.29275
6.99944
6.80254
6.56899
6.24638
6.26479
6.28226
6.2882
6.50244
6.32708
6.50103
6.34663
6.37484
6.2403
6.38711
6.77781
6.52708
6.64263
6.57498
6.2794
6.33639
6.42242
6.35778
6.4285
6.6247
6.45221
6.31076
6.37385
6.27382
6.30354
6.77672
6.48149
6.32009
6.38673
6.64901
6.90684
6.84382
6.77991
6.51562
6.53053
6.68292
6.86135
6.79493
6.82931
6.86036
6.30097
6.76335
6.2832
6.46935
6.58341
6.65986
6.79293
6.44537
6.75269
6.31506
6.47635
6.39722
6.63252
7.00962
6.42809
6.83902
6.73012
6.83251
6.73955
6.33645
6.66305
6.51623
6.75477
6.24648
6.25831
6.3459
6.2403
6.32748
6.29238
6.71666
6.59666
6.50433
6.28342
6.57488
6.79936
6.3296
6.42691
6.39315
6.44592
6.42587
6.305
6.28557
6.4791
6.62183
6.65144
7.33528
6.84285
6.53396
6.54967
6.91027
6.62412
6.3096
6.34204
6.25912
6.32637
6.51136
6.3792
6.50857
6.38672
6.30532
6.48317
6.60933
6.81745
6.82753
7.08975
6.72272
6.55141
6.79729
6.75137
6.81034
6.41315
6.37971
6.55045
6.78267
6.43655
7.28057
6.5379
6.46781
6.27818
6.51744
6.38965
6.38293
6.69499
6.3831
6.28611
6.25144
6.29235
6.7004
6.68258
6.92542
6.42566
6.55319
6.28567
6.79893
6.81531
6.77186
6.50022
6.38916
6.28826
6.70919
6.50937
6.71325
6.67004
6.53771
6.64817
6.46724
6.91877
6.55178
6.69716
6.24497
6.34891
6.29195
6.32764
6.64793
6.43145
6.80481
6.2403
6.30442
6.36011
6.46558
6.95787
6.59702
6.4792
6.30429
6.51447
6.74073
6.84397
6.58248
6.67168
6.49202
6.24716
6.24656
6.32544
6.62752
6.73821
6.60663
6.2403
6.29093
6.73188
6.34333
6.30022
6.3511
6.43772
7.05441
6.98542
7.08567
6.42763
6.27551
6.3759
6.3249
6.41382
6.58524
6.45403
6.36519
6.55327
6.38814
6.52313
6.87816
6.79868
7.10447
6.3286
6.2456
6.34893
6.3745
6.31955
6.45051
6.33921
6.35194
6.79809
6.64117
6.44537
6.2403
6.26187
6.41645
6.51758
6.33425
6.30336
6.24995
6.24628
6.2403
6.53779
6.54331
6.67733
6.94427
6.51579
6.34814
6.32932
6.36643
6.36947
6.52694
6.32531
6.45289
6.27726
6.62259
6.42585
6.26467
6.52145
6.93933
6.80229
6.44918
6.2497
6.29668
6.53547
6.38504
6.85856
6.54673
6.51182
6.4971
6.24073
6.24073
6.34088
6.27342
6.48632
6.51298
6.29633
6.46505
6.50903
6.86392
6.53708
6.4992
6.2403
6.71086
6.99774
6.64444
6.45612
6.62772
6.53099
6.38396
6.33848
6.39028
6.38184
6.46033
6.29718
6.3507
6.75777
6.27013
6.30186
6.26692
6.30018
6.51239
6.61773
6.50484
6.36829
6.38012
6.36565
6.88417
6.98085
6.5799
6.51845
6.83701
6.31054
6.36838
6.61384
6.46677
6.40852
6.46657
6.42845
6.29437
6.41795
6.2403
6.2403
6.2403
6.30409
6.33817
6.64758
6.45742
6.73042
6.68395
6.39388
6.68585
7.02558
7.0756
6.77376
6.53842
6.57331
6.43823
6.34495
6.29437
6.74125
6.91594
6.51449
6.38005
6.41843
6.33036
6.50365
6.61406
6.35077
6.96515
6.61499
6.44969
6.26278
6.61538
6.38419
6.79551
6.6588
6.38614
6.46105
6.35994
6.49074
6.59254
6.29391
6.66078
6.78991
6.35308
6.33911
6.3383
6.36493
6.32508
6.94434
6.75888
6.41827
6.55754
6.75521
7.01879
6.38044
6.30267
6.50933
6.58947
6.98478
6.28481
6.37983
6.34954
6.41047
6.40144
6.2861
6.42932
6.45044
6.40233
6.49955
6.63786
6.42849
6.24435
6.83539
6.42511
6.34734
6.81404
6.55442
6.59388
6.62569
6.34772
6.37577
6.28198
6.25944
6.51898
6.93764
6.72935
6.8736
6.43015
6.6067
6.57547
6.38881
6.46219
6.91758
6.55138
6.2403
6.60501
6.8141
6.64935
6.40652
6.32806
6.80508
6.64866
6.53139
6.51318
6.38388
6.79942
6.53021
6.50325
6.37011
6.28053
6.35661
6.72788
6.54153
6.37188
6.29227
6.54245
6.6577
6.56679
6.30762
6.41011
6.24749
6.86454
6.4551
6.68708
6.41467
6.69062
6.57593
6.7033
6.38739
6.2403
6.3635
6.55983
6.26298
6.38634
6.69762
6.2407
6.24096
6.52129
6.28089
6.37269
6.571
6.41886
6.29128
6.5233
6.53004
6.35043
6.73033
6.48136
6.38562
6.98092
6.50026
6.42382
6.74016
6.73901
6.94301
6.45248
6.34912
6.41447
6.59224
6.31936
6.43338
6.46816
6.30161
6.37656
6.52473
7.01697
6.58595
6.94468
6.65477
6.61523
6.47641
6.604
6.90685
7.1587
6.85093
6.79458
6.56395
6.37314
6.37056
6.2735
6.6269
6.55969
6.69643
6.6859
6.2403
6.383
6.55612
6.31789
6.65723
6.31048
6.34115
6.26328
6.79303
6.73671
6.5437
6.2795
6.2403
6.69075
6.38417
6.33467
6.61417
6.42614
6.61553
6.53057
6.97207
6.82395
6.39765
6.60627
6.24692
6.52902
6.70912
6.87627
6.8506
6.30411
6.35325
6.4049
6.58689
6.70838
6.2524
6.41952
6.91331
6.47356
6.49845
6.67674
6.35501
6.35206
6.2403
6.29575
6.2506
6.46591
6.71322
6.51793
6.40827
6.3244
6.36544
6.50109
6.96562
6.4169
6.26521
6.66463
6.72687
6.34411
6.32119
6.2403
6.27863
6.30184
6.46027
6.42005
6.29951
6.74234
6.65825
6.90344
6.50285
6.36611
6.49179
6.46164
6.45753
6.33186
6.32221
6.66097
6.8711
6.35699
6.26795
6.76529
6.70702
6.86289
7.01023
6.50058
6.64514
6.4081
6.49637
6.4756
6.38654
6.80897
6.85976
6.66945
6.43846
6.4265
6.53164
6.46867
6.38096
6.50534
6.291
6.2403
6.25399
6.32782
6.70444
6.48703
6.72379
6.35975
6.32612
6.31639
6.57991
6.98895
7.2155
6.78799
6.5339
6.31787
6.25003
6.29592
6.54294
6.79343
6.39831
6.59404
6.83356
6.81641
6.57894
6.72268
6.73213
6.95666
6.75519
6.38403
6.6649
6.62126
6.2403
6.5023
6.55455
6.45139
6.60102
6.37187
6.6461
6.91983
6.60822
6.36164
6.25844
6.24334
6.39921
6.68159
6.59611
6.46844
6.64485
6.36803
6.35855
6.69036
6.65169
6.2403
6.87308
6.32218
6.46666
6.47453
6.2403
6.33178
6.27619
6.64413
6.2403
6.34681
6.25815
6.58127
7.07982
6.89085
6.33214
6.57599
6.95919
6.62857
6.32438
6.70825
6.51837
6.54312
6.32038
6.49765
6.67802
6.31037
6.49256
6.41493
6.68876
6.73151
6.63406
6.34137
6.46167
6.70955
6.93092
6.63346
6.94596
6.8601
6.62918
6.56002
6.40572
6.65367
6.33387
6.56594
7.38128
6.6455
6.5433
6.60542
6.4259
6.2403
6.62882
6.48082
6.27739
6.34083
6.50321
6.82357
6.37393
6.607
7.04349
6.69719
6.44545
6.61142
6.67566
6.2403
6.38179
6.49949
6.29884
6.31005
6.31851
6.74969
7.04711
6.3887
6.36566
6.44996
6.25627
6.35525
6.27552
6.35656
6.51538
6.77737
6.58068
6.45505
6.83914
6.46822
6.38592
6.44773
6.46191
6.43661
6.72859
6.43742
6.64049
6.59919
7.11083
6.39973
6.2403
6.48936
6.83842
6.54685
6.369
6.39272
6.42641
6.58651
6.65399
6.79184
6.61157
6.35064
6.36737
6.32934
6.3719
6.73274
6.33846
6.2403
6.25081
6.24689
6.36785
6.25643
6.2403
6.4481
6.28307
6.29091
6.25867
6.47918
6.48902
6.39067
6.39006
6.61415
6.77133
6.70435
6.34532
6.62274
6.33755
6.2403
6.58029
6.67612
6.95197
6.86494
6.65252
6.38622
6.28639
6.34789
6.38591
6.31383
6.40522
6.34837
6.46298
6.38507
6.3931
6.50719
6.81544
6.54772
6.38114
6.51237
6.55309
6.57246
7.00008
7.24588
6.93052
6.51874
6.58758
6.69224
6.45857
6.38791
6.27189
6.29464
6.47132
6.79519
6.41917
6.56806
6.25743
6.5792
6.2403
6.66915
6.57315
6.56316
6.62633
6.61067
6.40056
6.50468
6.65762
6.9475
6.90314
6.8561
6.47767
6.74666
6.46173
6.39083
6.35653
6.2403
6.30701
6.44442
6.42751
6.38718
6.25898
6.50372
6.4888
6.58138
6.49543
6.94658
6.4784
6.83078
6.68068
6.52037
6.74288
6.72406
6.9084
6.87269
6.28275
6.40939
6.43907
6.33378
6.44674
6.40265
6.4893
6.40491
6.85392
6.35891
6.63363
6.77643
6.60496
6.55395
6.62104
6.33334
6.34452
6.42915
6.36728
6.46726
6.61524
6.2403
6.36156
6.2403
6.48596
6.30957
6.46997
6.30115
6.47928
6.41426
6.26109
6.2403
6.25117
6.53357
6.3782
6.31754
6.45639
6.24314
6.47993
6.41254
6.40674
7.10076
6.58444
6.27391
6.44674
6.27154
6.68787
6.37636
6.24384
6.28803
6.51778
6.71079
6.52531
6.88329
6.45905
6.4709
6.42857
6.4099
6.58059
6.30836
6.26697
6.46798
6.63517
6.47117
6.47819
7.08042
6.8413
6.36043
6.32532
6.25471
6.41811
6.37206
6.51534
6.43369
6.53404
6.58615
6.38478
6.27434
6.46788
6.54665
6.26228
6.35445
6.34605
6.2403
6.65054
6.46886
6.44024
6.42903
6.26001
6.34669
6.52519
6.25013
6.38432
6.55688
6.66043
6.97304
6.49427
7.08853
6.37332
6.61998
6.27804
6.42668
6.54478
6.30707
6.51828
6.35944
6.4715
6.5399
6.57298
6.34904
6.72671
6.45293
6.2403
6.62145
6.54416
6.2403
6.38627
6.46018
6.47481
6.30295
6.68969
6.2403
6.37144
6.29221
6.40852
6.25045
6.2937
6.29409
6.39493
6.37259
6.54632
6.27613
6.36903
6.80956
6.92952
6.25321
6.33062
6.51896
6.30868
6.25721
6.47611
6.35954
6.77939
6.39181
6.40091
6.40704
6.68467
6.4435
6.46339
6.56234
7.13315
6.80653
6.45804
6.34833
6.49076
6.34292
6.26494
6.43286
6.50818
6.33441
6.25666
6.43177
6.46875
6.33968
6.57208
6.49197
6.63187
6.54313
6.70101
6.2482
6.24623
6.50723
6.253
6.67849
6.49357
6.51268
6.28044
6.31709
6.2416
6.45471
6.64288
7.1222
6.69301
6.37253
6.4483
6.5143
6.40986
6.24526
6.25084
6.43189
6.68336
6.72656
6.68983
6.48138
6.37994
6.31264
6.45193
6.36721
6.24999
6.5064
6.48783
6.31905
6.29321
6.49217
6.28081
6.79017
6.63456
6.75365
6.45575
6.31768
6.3278
6.58211
6.51218
6.57512
6.27582
6.34721
6.42922
6.63211
6.5608
6.57316
6.79701
6.2403
6.58577
6.61572
6.60769
6.33924
6.51787
6.43233
6.4342
6.65807
6.61008
6.52853
6.30078
6.41086
6.36015
6.89761
6.89096
6.93521
6.6828
6.46499
6.27956
6.85377
6.94362
6.85183
6.66978
6.50947
7.00347
6.77209
6.73799
6.62563
6.70604
6.44642
6.38244
6.4973
6.54378
6.71428
6.72017
6.27579
6.30339
6.36424
6.55554
6.29925
6.60754
6.59021
6.48815
6.56839
6.42959
6.24045
6.2403
6.24175
6.33869
6.88836
6.34373
6.26599
6.42956
6.2403
6.26607
6.55221
6.34339
6.47733
6.51771
6.30161
7.01395
7.16337
6.50739
6.38892
6.7524
6.85612
6.2403
6.41476
6.45449
6.2574
6.27193
6.51556
6.81295
6.70346
6.49378
6.38346
6.26597
6.32372
6.243
6.44596
6.35381
6.2403
6.4802
6.70297
6.43263
6.30666
6.69266
6.66755
7.12458
6.57815
6.2403
6.33746
6.53386
6.90637
6.81124
6.59742
6.34658
6.39436
6.53927
6.28682
6.31978
6.5058
6.39564
6.65583
6.3272
6.33719
6.73986
6.4198
6.50622
6.87027
7.11102
6.54766
6.43473
7.152
6.96433
6.43376
6.52892
6.38267
6.4462
6.98106
6.40641
6.30799
6.46622
6.97256
6.80217
6.67714
6.8858
6.41751
6.38559
6.61301
6.90976
7.0069
6.80682
6.72626
6.32062
6.70157
6.2403
6.26617
6.3675
6.44019
6.76505
6.4281
6.50203
6.54094
6.25532
6.26306
6.33474
6.36505
6.25627
6.46167
6.49219
6.43904
6.41252
6.77791
6.39734
6.8595
6.76267
6.45556
6.74535
6.47083
6.35957
6.49416
6.50951
6.84246
6.9214
6.46034
6.79861
6.24599
6.27422
7.01935
6.76922
6.38351
6.65532
6.60114
6.98613
6.58812
6.44822
6.2813
6.40226
6.29556
6.2729
6.45061
6.77495
6.42034
6.38722
6.62957
6.61773
7.02065
6.82676
6.61979
6.72822
6.57046
6.54284
6.46965
6.3456
6.51789
6.41618
6.27678
6.39992
6.28105
6.57246
6.279
6.43833
6.88598
6.41918
6.4878
6.64864
6.49645
6.72043
7.29188
6.63087
6.31296
6.4578
6.34744
6.53166
6.47171
6.31745
6.84633
6.2403
6.32352
6.84094
6.56546
6.2403
6.47639
6.30135
6.89949
6.7166
6.38605
6.31047
6.25246
6.25574
6.2403
6.56739
6.42793
6.46286
6.32535
6.28098
6.54745
6.8028
6.62983
6.48183
6.34298
6.33559
6.46768
6.67008
6.51544
6.54855
6.86781
6.86814
6.76848
6.56622
6.91797
6.45213
6.41572
6.89725
6.68128
6.89001
6.37673
6.81164
6.80176
7.00798
6.95401
6.82884
6.5336
6.64326
6.83402
6.28157
6.30002
6.34583
6.76282
6.30324
6.28201
6.556
6.82934
7.15168
6.42881
6.67585
6.63298
6.73025
6.77922
6.53828
6.87028
6.35695
6.35971
6.34858
6.31425
6.51571
6.40902
6.64092
6.67792
6.96909
6.73443
6.44461
6.48389
6.43203
6.33136
6.4878
6.84296
7.04397
6.42218
6.46851
6.30815
6.5349
6.3255
6.56288
6.53999
6.62227
6.94361
6.81306
6.62616
6.61444
6.58677
6.71438
6.33952
6.25995
6.48929
6.47182
6.29495
6.29658
6.31205
6.57927
6.76157
6.58146
6.69162
6.49972
6.41079
6.81291
6.59575
6.25863
6.30664
6.34374
6.36406
6.64733
6.4508
6.65464
6.44934
6.55198
6.31953
6.36156
6.89156
6.2403
6.6636
6.78976
6.66373
6.77626
6.53068
6.4913
6.46589
6.27495
6.33237
6.60796
6.8427
6.86205
6.41747
6.48698
6.27424
6.56809
6.92007
6.36975
6.58652
6.581
6.73966
6.54065
6.2403
6.29722
6.43437
6.2403
6.50135
6.70471
6.26807
6.42914
7.12406
6.77631
6.34087
6.38975
6.4109
6.36277
6.59852
6.62984
6.88256
6.68336
6.39174
6.45377
6.42455
6.65302
6.43939
6.71459
6.5166
6.41717
6.24045
6.63991
6.60638
6.30701
6.51471
6.55954
6.4226
6.36668
6.59048
6.71
6.40403
7.03448
6.74556
6.46935
6.27353
6.32865
6.2403
6.71175
6.40242
6.48813
6.29855
6.69003
6.31831
6.40142
6.35842
6.58019
6.45409
6.47521
6.46931
6.72289
6.27741
6.42535
6.43468
6.81716
6.30098
6.53658
6.83833
6.37618
6.45999
6.2599
6.31479
6.65888
6.48455
6.30054
6.44369
6.54037
6.68958
6.38334
6.35626
6.78526
6.52941
6.43386
6.33621
6.69292
6.49419
6.2909
6.32538
6.58965
6.56531
6.92228
6.78442
6.45288
6.79894
6.41002
6.24311
6.49073
6.62958
6.34341
6.73343
6.28517
6.67287
6.45439
6.27778
6.65778
6.63249
6.31503
6.24142
6.33692
6.56713
6.43317
6.63307
6.65881
6.59849
6.76099
6.61801
6.28082
6.60599
6.45242
6.36132
6.24056
6.25643
6.57853
6.51324
6.67708
6.51465
6.84933
6.54695
6.97204
