32.9558
29.9215
28.5747
27.4867
26.6709
26.0986
24.8177
23.4742
21.689
20.6648
20.1121
19.1697
17.7824
17.6509
17.4358
17.1117
16.7699
16.4037
16.3707
16.0461
15.934
15.962
15.7161
15.4112
15.0355
14.9025
14.2136
13.6807
13.5421
13.3223
13.12
13.0465
13.0646
12.8077
12.7953
12.7555
12.5747
12.5581
12.2579
12.4564
12.2017
12.3505
12.14
12.1785
12.3812
12.2578
12.0767
12.0326
12.1311
11.7111
11.5314
11.6608
11.6835
11.4381
11.4946
11.2322
11.0962
10.9777
11.1017
10.9622
10.9577
11.2279
11.1243
11.0007
11.0186
11.1267
10.9057
10.9236
11.4175
11.1269
11.1295
11.0732
10.9518
11.0919
11.0078
11.2953
11.214
11.0878
10.935
11.221
11.1441
11.5621
11.4894
11.1194
10.9471
11.0634
11.1162
11.0808
10.8961
10.651
10.6722
10.5933
10.5012
10.6179
10.6812
10.6678
10.7946
10.4374
10.2753
10.1633
10.519
10.3348
10.1889
10.1762
10.3144
10.3999
10.2636
10.2932
10.3017
10.2639
10.2778
10.2153
10.4552
10.2481
10.3283
10.2258
10.4808
10.5087
10.1346
10.4559
10.4644
10.3645
10.138
10.2232
10.3234
10.2718
10.5257
10.2807
10.6796
10.222
10.0826
9.75967
10.0544
9.71431
9.74383
9.64785
10.0171
9.69769
9.6826
9.77972
9.91532
9.75491
9.82095
9.78861
9.70301
10.2591
10.0656
9.78845
10.0503
10.2748
10.186
9.89113
9.96184
9.78207
9.87876
9.98714
9.66669
9.64785
9.64752
9.74388
10.0573
9.863
10.0135
9.8807
9.84768
9.88145
9.74566
9.72495
9.76089
9.8155
9.93164
9.80579
9.69514
9.78043
9.89789
9.80947
9.63142
9.68865
9.81985
9.79906
9.91534
10.2152
9.91513
9.65107
9.63142
9.83151
9.6784
9.83475
9.84696
10.0427
10.1983
9.99759
9.68774
10.118
9.72662
9.68876
9.68033
9.73514
10.2912
10.1847
9.95678
10.0121
9.88482
9.87661
10.1215
10.0292
9.92704
10.0355
9.83202
9.80494
9.75682
9.93337
9.68993
9.63175
9.84823
9.71513
9.90735
9.68374
9.65993
9.6595
9.73091
9.64847
9.66286
9.63142
9.71566
9.8761
9.77008
9.82232
9.97353
9.8708
9.97188
9.79975
9.74963
9.72309
9.70617
9.93998
9.9349
9.69095
9.63142
9.65532
9.63142
9.94382
9.87653
10.0505
9.74441
9.77907
10.0113
10.0609
10.225
10.0037
10.0033
9.74812
9.82598
9.80387
9.74733
9.78866
10.3237
9.73344
9.70447
9.7061
9.65127
9.7097
9.63142
9.78102
9.63846
9.64427
9.79861
9.67516
9.86001
9.68564
9.84412
9.91122
9.68265
10.0028
9.96158
10.0469
10.0933
10.0393
9.66562
9.72769
9.6535
9.67079
10.0996
10.027
9.84573
9.65845
9.63375
9.63996
9.69576
9.66814
9.77637
9.70861
9.94148
9.685
9.9893
9.79198
9.64284
9.911
9.74474
9.88255
9.68492
9.63142
9.8068
9.78817
9.69472
9.7126
9.82485
9.95877
9.83486
9.72781
9.84381
9.88031
10.0433
9.92584
10.2068
9.77306
9.63227
9.83777
9.93597
9.87911
9.8249
9.68004
10.0205
9.79701
9.85407
10.0119
10.0426
9.79746
10.0242
9.78771
9.92674
9.98532
9.9012
9.63142
9.7451
9.80102
10.1061
9.97268
10.0035
10.0899
9.86099
9.70256
9.88075
9.71347
10.2386
9.82204
10.1096
9.95839
9.80138
9.84251
9.71124
9.86029
9.72383
9.84987
9.97175
9.73851
9.73864
10.0087
9.82328
9.78824
9.8652
9.77477
9.73709
9.9289
10.0267
9.86796
9.85971
9.66719
9.92888
9.92371
9.98996
10.2171
9.78663
9.73631
9.65501
9.71196
9.78761
9.65604
9.68
9.74802
9.7894
9.74675
9.63227
9.76899
10.2167
9.91528
9.82031
9.76245
9.64981
9.68637
9.95125
9.78527
9.76046
9.64576
9.63142
9.89982
9.71382
9.98988
9.66037
9.86748
9.74527
9.726
9.85571
9.84048
9.92889
9.98315
10.0493
9.97741
9.88051
9.95128
9.85708
9.97233
10.2356
9.94162
10.1396
9.95849
9.76445
9.76783
9.89929
9.76941
9.85882
10.0179
9.71512
9.97343
9.81601
9.80469
9.68909
9.87567
9.73874
9.83641
9.7018
9.93725
9.78914
9.7653
9.76221
9.91552
9.64026
9.78045
9.84448
10.1501
10.0778
9.79498
9.89536
10.0953
10.0693
10.2351
9.92001
9.77138
9.74778
9.88356
9.82736
9.72689
9.64571
9.71244
9.68094
9.83538
9.86489
9.80095
9.84912
9.91382
9.67648
9.79678
9.79356
9.81636
10.0212
9.89646
9.73142
9.80575
9.88713
9.95667
9.83575
9.89644
9.71716
9.95758
9.87701
10.3154
9.98268
9.85197
9.63334
9.72915
10.047
9.74339
9.63142
9.78999
9.6501
9.63153
9.6388
9.79963
9.98787
9.75385
9.96785
9.78249
9.68047
9.87032
10.0651
10.1617
9.82124
10.0961
9.85839
9.67364
9.95811
9.93797
9.84822
9.95691
10.1446
9.73063
9.98561
10.1359
10.0388
9.94122
9.78767
9.68061
9.63375
9.96735
9.88182
10.0127
9.78906
9.67037
9.66476
9.76674
9.63365
9.91999
9.79854
9.63651
9.68397
9.68048
10.1011
9.84805
9.99404
10.1953
9.6558
9.70097
9.67591
9.70614
9.70685
10.065
10.0089
9.89524
9.63146
9.68097
9.79779
9.76689
10.1769
9.69354
9.89044
9.90808
9.80666
9.85985
9.73008
9.63142
10.0187
9.71605
9.85373
9.8373
9.87653
10.1643
9.71282
9.94313
9.84663
10.0996
9.84381
9.66056
9.75878
9.73725
9.71467
9.63142
9.7626
9.77676
9.90571
9.63142
9.6589
9.65795
9.69634
9.67198
9.65
9.89458
9.91833
9.74296
9.69402
9.8301
9.91505
9.80484
9.88967
9.71988
9.87435
9.8634
9.99099
9.80575
10.0376
10.1312
9.71388
9.78205
9.78594
9.63851
9.67151
9.64843
9.70546
9.93752
9.6529
9.7633
9.85542
9.78737
9.96447
10.0307
9.94174
10.0137
9.80797
10.0151
9.75259
9.75077
9.83236
9.80095
9.91649
10.0883
10.0313
9.83178
9.99628
9.64979
9.64049
10.0002
10.092
9.69452
9.85731
10.0185
9.6885
9.75256
9.8484
9.90175
10.0639
9.81044
9.65499
9.67923
9.85022
9.69134
9.63142
9.75826
9.91963
9.89551
10.0115
10.0973
10.23
9.85219
9.79559
9.85877
9.99536
9.83975
9.90161
10.0052
9.72986
9.84072
9.74515
9.83601
9.84327
10.0308
9.81255
9.81342
9.73962
10.087
9.92623
10.0186
9.9796
9.79619
9.64026
9.86569
9.63971
9.79399
9.65017
9.66106
9.88526
9.66353
9.69229
9.67572
9.85758
10.0284
9.80517
9.8232
9.83726
9.77992
9.72774
9.75894
9.7325
9.76556
9.76345
9.77347
9.79941
10.16
9.94329
9.79069
9.88277
9.94883
9.7305
9.64637
9.70379
9.72865
9.77333
9.659
9.8262
9.89626
9.7218
9.67974
9.6764
9.80645
9.72114
9.92477
9.7982
9.70774
9.92819
9.90807
10.0274
10.1473
9.83687
9.94959
9.91779
9.79898
9.97472
9.94094
10.039
9.89057
10.1967
9.78967
9.69658
9.85302
9.72676
9.65915
9.73331
9.94779
10.1672
9.79392
9.79526
9.85209
9.7223
10.0746
9.7743
9.762
9.70121
9.94559
10.0832
9.81167
9.84875
9.85402
9.82143
9.91909
10.0843
9.72851
9.91403
9.90481
9.80174
9.84174
9.96241
9.83726
10.0402
9.94222
10.056
9.9893
9.71894
9.85989
9.83209
9.96797
9.72236
9.7036
9.83465
9.95854
9.7196
10.013
9.94915
9.9892
9.8075
10.0741
9.77613
9.63142
9.66596
9.74845
9.93665
9.7521
9.9083
9.83298
9.76902
9.98537
9.89011
10.2406
9.90625
9.85795
9.69302
9.72299
9.75574
9.75856
9.76711
10.0967
9.9404
9.86375
9.78437
9.74284
9.79151
9.67012
9.74156
9.85218
9.70807
9.63142
9.67094
9.76868
9.94671
9.99044
9.65406
9.74717
9.77589
9.67377
9.69095
9.50364
9.79252
9.94818
9.5114
9.64611
9.70871
9.62668
9.44608
9.55928
9.46504
9.61074
9.67307
9.47585
9.7115
9.57173
9.47929
9.41536
9.56823
9.57216
9.46044
9.41408
9.45427
9.50583
9.40137
9.39889
9.42504
9.39889
9.75939
10.0332
9.89594
9.60311
9.80234
9.59034
9.73968
9.408
9.49712
9.50811
9.52836
9.52085
9.59308
9.51021
9.59628
9.53871
10.0204
9.83556
9.83354
9.68673
9.93165
10.1818
9.72475
9.62683
9.79642
9.61194
9.72919
9.78428
9.76257
9.70928
9.42144
9.56421
9.71571
9.60547
9.53509
9.48599
9.68668
9.60029
9.66289
9.60386
9.67882
9.41353
9.42359
9.40231
9.46021
9.41822
9.58533
9.63776
9.60792
9.39889
9.52466
9.55321
9.52476
9.61009
9.58415
9.64135
9.7562
10.0153
9.93209
9.80668
9.71637
9.76317
9.71154
9.86516
9.59344
9.59631
9.6847
9.66375
9.92523
9.59235
9.5358
9.53236
9.68365
9.54444
10.0405
9.80308
9.77417
9.52965
9.5573
9.41641
9.64437
9.6468
9.84595
9.74472
9.58673
9.6503
9.69396
9.52889
9.7876
9.53986
9.50707
9.74649
9.7569
9.90565
9.86367
9.68946
9.5023
9.50482
9.75026
9.49485
9.51246
9.84788
9.64764
9.47505
9.4869
9.49322
9.52564
9.42526
9.41581
9.53827
9.43354
9.54049
9.60096
9.4658
9.40572
9.72249
9.62955
9.91107
9.76134
9.72507
9.48577
9.43263
9.54547
9.4371
9.55926
9.58034
9.63071
9.58614
9.46894
9.42984
9.9002
9.5386
9.59673
9.98565
9.5532
9.6303
9.51024
9.44534
9.48126
9.49044
9.71859
9.45124
9.50576
9.47127
9.6671
9.42977
9.45656
9.54565
9.48731
9.61667
9.87119
9.61967
9.4406
9.48241
9.59508
9.69334
9.46372
9.5309
9.75137
9.39982
9.40482
9.42252
9.43554
9.60316
9.57116
9.54825
9.54195
9.746
9.57813
9.46021
9.46575
9.49514
9.43126
9.39889
9.79433
9.77966
9.54241
9.49939
9.5456
9.58544
9.46812
9.53657
9.4775
9.77694
9.49386
9.6524
9.47826
9.4853
9.81081
9.73446
9.4706
9.53701
9.69811
9.74858
9.48805
9.59101
9.41887
9.44675
9.7573
9.69896
9.5771
9.39889
9.68462
9.56776
9.59675
9.60541
9.46905
9.97834
9.65825
9.62815
9.80752
9.59671
9.64438
9.74734
9.48879
9.54443
9.44217
9.40906
9.46972
9.45273
9.5028
9.53385
9.75433
10.0002
9.7745
9.49197
9.47874
9.67767
9.60496
9.50626
9.62796
9.5181
9.46073
9.41463
9.888
9.55917
9.5133
9.69889
9.78128
9.53539
9.47254
9.45561
9.69225
9.45499
9.53664
9.71865
9.57305
9.71995
9.51143
9.51164
9.39889
9.48398
9.69059
9.52205
9.45559
9.43009
9.6153
9.88314
10.0172
9.55774
9.64567
9.52867
9.47885
9.59749
9.5982
9.48105
9.54184
9.49141
9.63883
9.77546
9.54011
9.66658
9.46923
9.71586
9.54159
9.52228
9.58077
9.55107
9.60092
9.49723
9.80192
9.81052
9.73423
9.53486
9.45126
9.40749
9.46059
9.45263
9.59652
9.52613
9.64329
9.88034
9.56919
9.41126
9.40086
9.74296
9.61338
9.59278
9.40689
9.46816
9.47494
9.40622
9.4944
9.53728
9.46862
9.57682
9.6203
9.87419
9.41928
9.73844
9.41733
9.60313
9.52918
9.56369
9.62815
9.43681
9.45162
9.73127
9.59782
9.80323
9.73431
9.7377
9.62445
9.62586
9.47473
9.48807
9.44495
9.42037
9.43322
9.83261
9.8133
9.65923
9.62603
9.57302
9.74633
9.54206
9.40055
9.50203
9.5218
9.68055
9.68896
9.43679
9.50623
9.5529
9.47458
9.82138
9.84411
9.65608
9.49192
9.69328
9.65932
9.47266
9.63752
9.59013
9.59005
9.45066
9.75343
9.60446
9.74552
9.50346
9.54265
9.48958
9.74895
9.60776
9.98141
9.91057
9.70829
9.61429
9.58999
9.63225
9.82248
9.99273
9.78529
9.80974
9.75996
9.89187
9.52755
9.60042
9.4368
9.62661
9.67195
9.4295
9.54272
9.54047
9.50449
9.49957
9.7075
9.89871
9.56271
9.73876
9.53952
9.42634
9.74526
9.48553
9.43042
9.56583
9.62931
9.76209
9.86675
9.68324
9.56397
9.62244
9.56372
9.63609
9.50478
9.43632
9.72547
9.62691
9.72237
9.85557
10.0904
9.52781
9.69914
9.58879
9.74937
9.56578
9.62242
9.48073
9.59133
9.51489
9.52949
9.50226
9.72889
9.94038
9.77346
9.52033
9.87209
9.76196
9.7848
9.60165
9.61127
9.55758
9.4109
9.65767
9.51847
9.53303
9.47371
9.50728
9.44948
9.62625
9.46703
9.61679
9.45894
9.56751
9.52792
9.52591
9.39889
9.6069
9.50497
9.56002
9.50615
9.63093
9.52617
9.61284
9.68287
9.53183
9.40926
9.4981
9.44846
9.41195
9.75828
9.67801
9.39889
9.54666
9.57263
9.44697
9.4616
9.50354
9.75979
9.77992
9.8422
9.6523
9.39889
9.93316
9.63453
9.41582
9.8235
9.9006
9.78857
9.64393
9.45972
9.60972
9.58045
9.505
9.43573
9.56111
9.53384
9.4632
9.39889
9.42218
9.39982
9.54426
9.39893
9.45176
9.86434
9.65379
9.77587
9.81899
9.55332
9.48504
9.48691
9.69415
9.6774
9.51273
9.81751
9.56437
9.59659
9.78751
9.57512
9.6476
9.46389
9.68457
9.6092
9.81505
9.84251
9.62284
9.80994
9.83045
9.71928
9.70187
9.47851
9.55603
9.88378
9.75919
10.157
9.58559
9.52512
9.39889
9.46107
9.67055
9.57676
9.58816
9.58304
9.48623
9.57864
9.60165
9.7786
9.49427
9.97617
9.55611
9.55693
9.53991
9.47872
9.44391
9.51544
9.65493
9.64846
9.59099
9.68827
9.59019
9.54859
9.4436
9.65733
9.52014
9.42825
9.46748
9.55718
9.69946
9.50347
9.69877
9.4972
9.55505
9.56126
9.59856
9.42191
9.39889
9.59983
9.55763
9.60597
9.5764
9.57368
9.4449
9.41651
9.56879
9.87129
9.67978
9.44141
9.69893
9.6577
9.56282
9.5133
9.65096
9.71469
9.76304
9.61685
9.51963
9.41976
9.57747
9.6152
9.54914
9.43592
9.39889
9.39889
9.65061
9.77115
9.46523
9.68511
9.40138
9.39889
9.55686
9.52888
9.51982
9.4487
9.65896
9.66319
9.51108
9.69157
9.7208
9.54639
9.68753
9.41335
9.58028
9.67884
9.93547
9.39889
9.7838
9.64625
9.40192
9.54435
9.47331
9.6354
9.55356
9.52486
9.67225
9.79558
9.63344
9.47835
9.41183
9.5212
9.65393
9.48845
9.55705
9.47715
9.52208
9.5062
9.82635
9.6193
9.65511
9.70405
9.69579
9.56372
9.57945
9.46397
9.42469
9.40205
9.39889
9.51305
9.45564
9.66358
9.69132
9.6672
9.66689
9.84053
9.64578
9.69904
9.53046
9.40522
9.43507
9.39889
9.45073
9.4816
9.73774
9.54665
9.83712
9.65295
9.42234
9.6036
9.55187
9.57231
9.86163
9.55622
9.39889
9.45951
9.399
9.45074
9.59565
9.51054
9.56542
9.67829
9.41134
9.57684
9.70389
9.53945
9.63603
9.80324
9.41591
9.82547
9.95775
9.80552
9.69659
9.55515
9.84824
9.74074
9.74626
9.89849
9.64686
9.77241
9.46613
9.81135
9.6402
9.71882
9.44417
9.56869
9.52816
9.47267
9.70075
9.67814
9.60629
9.59214
9.73595
9.4106
9.64934
9.69993
9.49624
9.72419
9.70674
9.80175
9.49275
9.88912
9.68483
9.62979
9.44002
9.45166
9.39889
9.50281
9.42319
9.67431
9.72262
9.72742
9.50644
9.53481
9.47825
9.574
9.44508
9.50158
9.47205
9.79231
9.40085
9.42492
9.4526
9.7982
9.52291
9.6558
9.58683
9.40896
9.53212
9.42071
9.59873
9.62176
9.8097
9.66528
9.67131
9.85547
9.47123
9.68737
9.45828
9.47246
9.79804
9.87951
10.059
9.83102
9.47203
9.46043
9.4318
9.56671
9.4215
9.62754
9.69027
9.75555
9.59848
9.70589
9.6611
9.8031
9.5103
9.86345
9.87932
9.80515
9.43646
9.50643
9.51385
9.80095
9.60368
9.54439
9.90637
9.84582
9.60467
9.42906
9.45567
9.52164
9.40374
9.52228
9.42325
9.58609
9.66814
9.62441
9.81865
9.49808
9.5653
9.61491
9.78664
9.58999
9.55808
9.4257
9.54574
9.52964
9.74285
9.73356
9.71613
9.64913
9.60215
9.5244
9.61871
9.69468
9.96575
9.76432
9.58093
9.68256
9.6741
9.6877
9.67845
9.68503
9.45477
9.4664
9.69857
9.918
9.82559
9.61634
9.63619
9.48238
9.6095
9.93732
9.84346
9.50725
9.48817
9.46178
9.4661
9.51317
9.52909
9.92965
9.51644
9.45125
9.63992
9.53413
9.58577
10.1855
9.66314
9.77641
9.50148
9.67406
9.60636
9.68448
9.4373
9.59348
9.62059
9.47999
9.52914
9.67955
10.0193
9.74505
9.73397
9.80066
9.58166
9.49813
9.39889
9.41388
9.45849
9.58938
9.43207
9.57727
9.7391
9.52192
9.58774
9.80764
9.68733
9.58466
9.68704
9.53321
9.40149
9.47365
9.53964
9.43833
9.88161
9.73308
9.76422
9.7149
9.53691
9.39889
9.39889
9.44511
9.46529
9.49705
9.50898
9.48332
9.42191
9.68934
9.43046
9.55557
9.63486
9.5584
9.4367
9.47829
9.51668
9.42881
9.61181
9.72339
9.48838
9.69805
9.61051
9.77936
9.65167
9.62566
9.72784
9.85841
9.77105
9.61688
9.64666
9.5964
9.39889
9.56266
9.4565
9.61596
9.62188
9.56615
9.48811
9.39974
9.75754
9.78172
9.89805
9.84771
10.1519
9.66463
9.82569
9.47945
9.44774
9.60387
9.47771
9.46798
9.52603
9.68185
9.46118
9.56404
9.47251
9.55093
9.44662
9.77625
9.49765
9.50498
9.72671
9.82883
9.83656
9.70605
9.66946
9.47758
9.42374
9.86544
9.68645
9.4365
9.50119
9.46576
9.72652
9.91033
9.8658
9.49871
9.72837
9.47404
9.43457
9.70061
9.49738
9.57892
9.48932
9.80919
9.57132
9.57305
9.48915
9.78254
9.72317
9.73427
9.8545
9.49641
9.56349
9.94644
9.53268
9.75239
9.5211
9.61585
9.59106
9.76031
9.69892
9.50008
9.46506
9.47013
9.52289
9.72534
9.5718
9.62417
9.72776
9.61959
9.78263
9.74194
9.66093
9.63186
9.54937
9.4683
9.82215
9.45702
9.83412
9.49654
9.48647
9.71311
9.44209
9.39889
9.45396
9.52723
9.46052
9.73449
9.73476
9.8442
9.40192
9.53642
9.79283
9.79546
9.63625
9.46579
9.65616
9.45801
9.79106
9.59851
9.61895
9.5159
9.64994
9.50926
9.59305
9.50486
9.47787
9.39889
9.56443
9.59709
9.4463
9.43726
9.40071
9.46436
9.485
9.50341
9.4744
9.61921
9.89769
9.8133
9.58844
9.39889
9.63032
9.93061
9.98343
9.94021
9.62334
9.53822
9.64266
9.56929
9.81291
9.61485
9.93733
10.1544
9.73507
9.92556
9.63396
9.64497
9.49386
9.61235
9.4618
9.79043
9.57067
9.68631
9.67007
9.84872
9.47226
9.49081
9.48175
9.48101
9.40363
9.67545
9.76775
9.61454
9.61309
9.53932
9.63684
9.53736
9.83071
9.69319
9.78145
9.58405
9.43642
9.50335
9.39889
9.4421
9.58383
10.0224
9.58974
9.53154
9.52035
9.56557
9.58392
9.76008
9.65982
9.52564
9.91992
9.47588
9.68699
9.94756
9.67518
9.56482
9.60758
9.44346
9.39889
9.50659
9.40522
9.65592
9.66978
9.53656
9.39982
9.51592
9.54865
9.54041
9.42132
9.54958
9.46136
9.66105
9.55409
9.60712
9.43158
9.64113
9.8062
9.61767
9.57877
10.0156
10.0491
9.50896
9.49342
9.39889
9.52507
9.71316
9.60051
9.69542
9.52822
9.57628
9.46916
9.69229
9.69695
9.72924
9.39889
9.63546
9.48032
9.65044
9.86909
9.69331
9.40085
9.40281
9.63923
9.80811
9.52642
9.96615
9.63412
9.91697
9.49765
9.57897
9.66429
9.48049
9.6932
9.67327
9.46963
9.57161
9.61181
9.82125
9.75194
10.0642
9.7809
9.63175
9.74622
9.6535
9.45033
9.41096
9.78542
9.70518
9.71218
9.72044
9.49629
9.77456
9.7113
9.78801
9.49305
9.51802
9.4243
9.47627
9.44758
9.47018
9.43794
9.45985
9.69974
9.59281
9.57048
9.66271
9.63686
10.1398
10.1451
9.82289
9.5859
9.46605
9.41826
9.50279
9.65115
9.62348
9.50464
9.50543
9.46184
9.52686
9.48126
9.45299
9.47443
9.57241
9.45991
9.399
9.44615
9.66048
9.68275
9.89423
9.56861
9.62008
9.46817
9.49601
9.54706
9.53666
9.47412
9.73832
9.60735
9.40914
9.4772
9.52897
9.42285
9.6247
9.53444
9.60304
9.48969
9.71347
9.53345
9.4501
9.43328
9.88983
9.40152
9.57483
9.41152
9.5778
9.67701
9.83373
9.73921
9.70459
9.39889
9.51132
9.93938
9.88388
9.5859
9.67632
9.45398
9.82527
9.64575
9.53781
9.46123
9.61406
9.70739
9.45859
9.48067
9.80886
9.67387
9.71762
9.45623
9.45788
9.70479
9.65948
9.71129
9.60956
9.96187
9.55239
9.51556
9.40939
9.39922
9.80353
9.58805
9.63626
9.55348
9.79022
9.98275
9.69021
9.55796
9.45532
9.65483
9.73474
9.75548
9.52125
9.49419
9.59935
9.837
9.6017
9.67342
9.60893
9.50199
9.47521
9.62514
9.5233
9.51625
9.46745
9.71475
9.74287
9.65679
9.67658
9.53101
9.61065
9.42705
9.77431
9.58665
9.43824
9.41564
9.58487
9.44409
9.45239
9.88394
9.65599
9.56291
9.78899
9.45853
9.69529
9.39889
9.80236
9.5895
9.54767
9.61763
9.43523
9.39889
9.50888
9.55416
9.78522
9.72608
9.62012
9.65387
9.39889
9.50924
9.76672
9.66161
9.54516
9.49179
9.83703
9.62017
9.77572
9.52313
9.47139
9.68155
9.81099
9.6605
9.63709
9.40973
9.43658
9.5537
9.60244
9.59821
9.58986
9.50558
9.40075
9.54217
9.55022
9.50799
9.865
9.79908
9.71473
9.55831
9.61798
9.6644
9.86808
9.53441
9.63299
9.54465
9.72609
9.9904
9.70159
9.50363
9.51677
9.57276
9.81255
9.57839
9.4529
9.45796
9.67788
9.64765
9.56952
9.66544
9.6381
9.53175
9.65559
9.92732
9.78023
9.45897
9.48062
9.67928
9.46087
9.46105
9.52406
9.39907
9.54643
9.57515
9.79836
9.72402
10.1311
9.65558
9.52216
9.44546
10.2083
9.79075
9.55548
9.52027
9.39889
9.5148
9.70607
9.63159
9.43901
9.52666
9.4294
9.67577
9.47988
9.40889
9.65445
9.43113
9.57861
9.55742
9.79294
9.80356
9.66257
9.54425
9.39889
9.41139
9.54303
9.76626
9.43827
9.45592
9.51579
9.62036
9.53612
9.44676
10.0337
9.77789
9.78806
9.75681
9.48094
9.46696
9.39889
9.39889
9.49079
9.76808
9.90769
9.39889
9.47738
9.56845
9.8252
9.62606
9.45139
9.65784
9.5097
9.59134
9.47711
9.56083
9.49956
9.58851
9.6452
9.39893
9.39889
9.44788
9.537
9.56966
9.5579
9.82855
9.84961
9.89065
9.49071
9.39889
9.40652
9.78973
10.0261
9.88398
9.8159
9.49419
9.42238
9.4584
9.45603
9.40688
9.49729
9.93024
9.55775
9.91296
9.47981
9.41316
9.46383
9.44509
9.80115
9.67693
9.57528
9.56994
9.4844
9.69512
9.9343
9.83253
9.56224
9.56346
9.72499
9.70869
9.79726
9.69725
9.9385
9.66464
9.95449
9.88162
9.55371
9.67078
9.55016
9.6301
9.76861
9.75203
9.54505
9.6148
9.50846
9.56888
9.76781
9.67626
9.67739
9.4222
9.61192
9.41425
9.65903
9.63391
9.45545
9.55617
9.57928
9.53157
9.5799
9.6278
9.58154
9.46092
9.56054
9.62425
10.0364
9.72106
9.67504
9.67122
9.57932
9.47208
9.57966
9.66779
9.57297
9.43253
9.68078
9.50213
9.49546
9.57866
9.61594
9.74785
9.68362
9.47204
9.46331
9.45323
9.47981
9.58178
9.40653
9.46583
9.39889
9.39889
9.39889
9.44895
9.42204
9.53224
9.70489
9.64644
9.64242
9.76387
9.64226
9.50811
9.51208
9.77497
9.66879
9.49655
9.62292
9.58139
9.47064
9.51871
9.48925
9.66832
9.51064
9.53881
9.83154
9.41412
9.68997
9.69538
9.58616
9.53579
9.58329
9.63896
9.47717
9.39889
9.51314
9.60716
9.58037
9.57838
9.5391
9.39889
9.5327
9.39922
9.49115
9.9193
9.96093
9.72134
9.48225
9.7119
9.80986
9.75269
9.63105
9.81782
9.49987
9.63543
9.59333
9.52175
9.50708
9.45419
9.51663
9.54794
9.85714
9.95413
9.54113
9.59581
9.60049
9.52708
9.59093
9.64652
9.8557
9.75314
9.67565
9.67918
9.47829
9.7783
9.55087
9.85033
9.4216
9.64526
9.90629
9.61899
9.52597
9.60365
9.52908
9.448
9.5523
9.53302
9.79346
9.46822
9.82805
9.69591
9.53285
9.50892
9.54322
9.42712
9.45278
9.64391
9.41161
9.44237
10.0606
9.6819
9.77831
9.50441
9.42782
9.58344
9.53238
9.44865
9.68521
9.7919
9.6914
9.59385
9.56583
9.76427
9.904
9.44341
9.44862
9.40948
9.39889
9.44831
9.39905
9.44856
10.0069
9.78083
9.41609
9.60263
9.61502
9.74934
9.58924
9.45411
9.70811
9.39893
9.47402
9.5872
10.0514
10.1748
10.1146
9.85331
9.648
9.58189
9.78993
9.58048
9.72051
9.61118
9.68863
9.45251
9.62697
9.54249
9.5758
9.53648
9.47814
9.51037
9.58353
9.74375
9.54774
9.58413
9.64489
9.51977
9.72546
9.70971
9.70263
9.67194
9.51974
9.50263
10.0973
9.9804
9.43294
9.56071
9.73648
9.78089
9.51219
9.46982
9.42527
9.51334
9.65444
9.56425
9.66716
9.4845
9.72743
9.64035
9.9063
9.83934
9.66735
9.52679
9.46902
9.44127
9.40627
9.76405
9.42251
9.5905
9.57291
9.54301
9.49816
9.50914
9.54726
9.45536
9.49576
9.85409
9.54242
9.39889
9.49255
9.50686
9.47495
9.46958
9.51123
9.45481
9.55066
9.75518
9.55512
9.47005
9.76035
9.44594
9.88026
9.7756
9.8873
9.42363
9.69018
9.52859
9.5697
9.93652
9.52461
9.49617
9.51799
9.50923
9.49611
9.5774
9.64909
9.74955
9.79389
9.4219
9.53682
9.69354
9.52484
9.53463
9.98808
9.57383
9.67348
9.56691
9.58664
9.46087
9.69218
9.44217
9.74436
9.94343
9.57256
9.40703
9.67553
9.60588
9.58222
9.60725
9.40763
9.50154
10.0125
9.5128
9.48648
9.59422
9.49798
9.53281
9.84939
9.45818
9.70045
9.69878
9.73427
9.60045
9.44603
9.46682
9.45502
9.40851
9.78128
9.70342
9.74612
9.71862
9.71919
9.51656
9.46209
9.46376
9.55027
9.72525
9.71594
9.65363
9.71474
9.70234
9.50088
9.83146
9.76503
9.4257
9.44551
9.47013
9.46597
9.4436
9.82566
9.65621
9.39889
9.43889
9.78561
9.6743
9.51515
9.52716
9.54324
9.6226
9.68377
9.59163
9.53908
9.53923
9.67856
9.91399
9.45433
9.68022
9.52426
9.6796
9.59611
9.47207
9.61186
9.49
9.43689
9.64106
9.5685
9.51855
9.56319
9.46719
9.49573
9.45514
9.72013
9.49341
9.72795
9.56362
9.58975
9.58865
9.70613
9.6778
9.54936
9.58282
9.59762
9.95064
9.80393
9.71341
9.70539
9.69141
9.67374
9.43286
9.51526
9.40916
9.74106
9.45135
9.55918
9.87464
9.49808
9.44871
9.65017
9.6915
9.89871
9.57492
9.50011
9.6526
9.69932
9.40208
9.58504
9.61211
9.60135
9.65673
9.84718
9.7897
9.78942
9.76155
9.52203
9.40052
9.46702
9.5525
9.49036
9.66693
9.63139
9.69537
9.42479
9.51906
9.54754
9.59151
9.5702
9.4703
9.65931
9.47663
9.49794
9.46378
9.50077
9.5619
9.7095
9.52026
9.46232
9.57717
9.73486
9.8251
9.57391
9.6368
9.42255
9.40462
9.43175
9.48303
9.50578
9.39893
9.49394
9.41423
9.61555
9.71067
9.72877
9.67568
9.93071
9.80995
9.5468
9.52786
9.45026
9.56616
9.56397
9.49215
9.45958
9.63162
9.77139
9.521
9.59004
9.57281
9.54607
9.40227
9.94381
9.62187
9.68629
9.61897
9.40192
9.41347
9.60439
9.81434
9.7367
9.53532
9.55694
9.45567
9.48878
9.62274
9.47679
9.40603
9.4404
9.39889
9.58646
9.46532
9.89443
9.64534
9.47445
9.42477
9.50732
9.61463
9.61658
9.47541
9.60025
9.69119
9.4782
9.75695
9.77149
9.65199
9.41584
9.64536
9.42949
9.58911
9.49462
9.58737
9.68382
9.6138
9.48142
9.685
9.46463
9.39889
9.46714
9.60659
9.48579
9.80934
9.96157
9.8847
9.6797
9.65809
9.46139
9.74039
9.6638
9.54238
9.45491
9.69157
9.46131
9.48075
9.51219
9.54311
9.48459
9.40099
9.44187
9.61454
9.67668
9.83736
9.52501
9.57007
9.39889
9.50672
9.56441
9.53385
9.51498
9.52576
9.5286
9.45153
9.54529
9.56258
9.58265
9.75867
9.78386
9.68743
9.68858
9.77746
9.65698
9.56931
9.5409
9.51507
9.39889
9.50396
9.59188
9.43953
9.43954
9.48
9.39912
9.74676
9.43748
9.51657
9.61317
9.57086
9.54302
9.6561
9.55873
9.69882
10.1878
9.53154
9.83887
9.49516
9.57339
9.71505
9.52194
9.77006
9.67825
9.63443
9.47424
9.39889
9.64721
9.53122
9.42571
9.42586
9.51238
9.51572
9.4
9.64794
9.79869
9.76892
9.58881
9.80266
9.45307
9.49662
9.43537
9.40436
9.43136
9.63611
10.0345
9.60034
9.40851
9.57885
9.89173
9.9874
9.72655
9.59267
9.5614
9.48013
9.43569
9.39889
9.39889
9.4666
9.91227
9.57606
9.50181
9.59331
9.5769
9.53649
9.48274
9.55448
9.44461
9.47248
9.49023
9.40585
9.39889
9.39889
9.63003
9.46545
9.47134
9.57874
9.78335
9.89876
9.58223
9.77372
9.41502
9.49952
9.42537
9.43832
9.39889
9.42377
9.58021
9.59152
9.42405
9.39889
9.4967
9.80345
9.66272
9.5654
9.72224
9.60754
9.48379
9.57405
9.52937
9.74745
9.47115
9.77193
9.6177
9.68525
9.68276
9.47517
9.39889
9.66468
9.66315
9.56116
9.53644
9.60168
9.69414
9.72975
9.399
9.40767
9.45943
9.50464
9.46511
9.55847
9.69501
9.80657
9.40868
9.40231
9.54652
9.59452
9.47401
9.75754
9.39889
9.67811
9.50028
9.58513
9.71741
9.71836
9.68844
9.75116
9.47553
9.49269
9.53578
9.45717
9.51009
9.47641
9.95975
9.7265
9.41579
9.49171
9.48269
9.65071
9.40798
9.41435
9.46386
9.55664
9.55782
9.78943
9.92894
9.82497
9.55301
9.51269
9.54065
9.71055
9.78422
9.46542
9.64253
9.98207
9.58936
9.8128
9.92912
9.72433
9.54106
9.46147
9.56449
9.43974
9.51384
9.68146
10.0391
9.76973
9.77157
9.55366
9.48402
9.51021
9.54007
9.44593
9.69642
9.61105
9.77332
9.732
9.58687
9.74191
9.48735
9.87514
9.97429
9.95438
9.79056
9.39889
9.40493
9.52624
9.49194
9.71881
9.94531
9.58791
9.77827
9.95922
9.8309
9.66031
9.57281
9.61154
9.49002
9.39889
9.77277
9.62239
9.9586
9.6319
9.64595
9.47392
9.53832
9.7798
9.71922
9.53694
9.50496
9.71672
9.59482
9.54751
9.73548
9.51612
9.50065
9.53399
9.39889
9.41945
9.67125
9.72747
9.68852
9.68844
9.57613
9.90733
9.50014
9.39889
9.43252
9.54131
9.49922
9.48619
9.42654
9.42283
9.42771
9.51092
9.73203
9.8704
10.0669
9.71057
9.55947
9.73136
9.61818
9.55595
9.7162
9.60819
9.57168
9.56656
9.49496
10.0884
9.77629
9.39889
9.58038
9.94375
9.81923
9.50065
9.72051
9.57123
9.65589
9.39889
9.39922
9.41257
9.58113
9.78857
9.41618
9.40159
9.44289
9.7228
9.69252
9.63275
9.4617
9.48737
9.39889
9.4384
9.42767
9.41259
9.595
9.54959
9.42618
9.48685
9.74074
9.94937
9.68688
9.67209
9.70534
9.42114
9.59108
9.58694
9.39889
9.43579
9.43278
9.76997
9.70401
9.64416
9.57591
9.48163
9.42758
9.39889
9.39889
9.47272
10.0063
9.51443
9.55365
9.45977
9.53579
9.67347
9.64998
9.77102
9.55737
9.82623
10.0262
9.59824
9.8466
9.57838
9.65966
9.67941
9.66135
9.54697
9.67813
9.78998
9.49719
9.44644
9.39889
9.48057
9.5501
9.48818
9.48867
9.46369
9.67014
9.63358
9.50515
9.41908
9.41092
9.62264
9.71347
9.54944
9.42857
9.74799
9.53691
9.96748
9.50324
9.65739
9.62575
9.51447
9.5378
9.58277
9.54857
9.73539
9.49508
9.43799
9.41833
9.63485
10.0332
9.46518
9.50743
9.56731
9.75642
9.56731
9.62593
9.53709
9.64022
9.75207
9.67597
9.5712
9.41769
9.5226
9.63558
9.71688
9.58892
9.56325
9.43682
9.68707
9.56554
9.49534
9.73389
9.49082
9.64002
9.56558
9.43334
9.39889
9.41892
9.57612
9.55834
9.56159
9.50819
9.46375
9.63263
9.63455
9.41921
9.43818
9.56463
9.58024
9.64266
9.71468
9.73436
9.48535
9.40684
9.39889
9.44689
9.61694
9.88527
9.75815
9.40258
9.4918
9.44591
9.44727
9.7934
9.63396
9.53213
9.73321
9.7203
9.5475
9.43012
9.46618
9.63046
9.48557
9.71248
9.63302
9.93057
9.70276
9.66086
9.45163
9.67979
9.59697
9.90486
9.5492
9.61988
9.47957
9.94133
9.64311
9.47625
9.50031
9.5297
9.49651
9.74935
9.66965
9.53341
9.5849
9.63914
9.67167
9.90314
9.63172
9.68893
9.49534
9.61296
9.42263
9.44702
9.39889
9.51799
9.40096
9.43295
9.71292
9.63522
9.77665
9.40216
9.49588
9.51169
9.70919
9.40244
9.43344
9.39889
9.39889
9.39889
9.51426
9.60342
10.0182
9.82316
9.67562
9.40994
9.44354
9.56167
9.41289
9.62768
9.49913
9.51672
9.68691
9.54557
9.58505
9.50368
9.48422
9.53973
9.68853
9.43456
9.41858
9.51581
9.58022
9.68784
9.79612
9.43587
9.41351
9.46068
9.68864
9.41886
9.41499
9.56404
9.51011
9.50236
9.48169
9.56048
9.69285
9.53574
9.44039
9.452
9.72912
9.44686
9.72354
9.80979
9.62993
9.69711
9.56184
9.45037
9.57892
9.86514
9.87322
9.45444
9.75344
9.69663
9.40085
9.40844
9.64708
9.40628
9.399
9.72687
9.8854
9.69138
9.59884
9.49884
9.42835
9.42455
9.51249
9.4286
9.48092
9.45376
9.47135
9.83566
9.80759
9.68639
9.79508
9.4359
9.4458
9.46132
9.6077
9.42495
9.47907
9.77635
9.63806
9.6685
9.6722
9.48962
10.2194
9.79605
9.66091
9.46346
9.43212
9.49646
9.45613
9.45491
9.54367
9.64711
9.48131
9.46086
9.55089
9.39889
9.61669
9.66656
9.79823
9.74213
9.63421
9.71158
9.93478
9.61224
9.59009
9.53975
9.49559
9.41976
9.66329
9.70159
9.51761
9.39889
9.42463
9.49047
9.44747
9.46137
9.39889
9.54488
9.77435
9.71037
9.42705
9.42636
9.79187
9.76411
9.80562
9.48385
9.70207
9.61068
9.60997
9.56533
9.63059
9.67487
9.65263
9.81532
9.64629
9.44064
9.85419
9.79034
9.64913
9.55025
9.69151
9.68882
9.55332
9.61943
9.6142
9.65018
9.40632
9.39889
9.55523
9.54528
9.87587
9.62185
9.43257
9.40554
9.40222
9.49544
9.82095
9.91859
9.59605
9.60717
9.74017
9.97927
9.73539
9.39889
9.63379
9.68029
9.88657
9.4843
9.52856
9.66098
9.54002
9.46608
9.58393
9.46677
9.53227
9.46736
9.54317
9.39889
9.48026
9.74577
9.62498
9.56822
9.45851
9.39889
9.39889
9.54272
9.43112
9.63774
9.73385
9.51014
9.45643
9.72551
9.74481
9.51325
9.47788
9.5063
9.50485
9.72738
9.49739
9.40841
9.44499
9.40967
9.80223
9.94761
9.60505
9.58133
9.66902
9.44017
9.39889
9.54665
9.80392
9.87993
9.49279
9.59898
9.44762
9.54644
9.46776
9.39889
9.53553
9.60536
9.59727
9.85689
9.64387
9.79219
9.61143
9.92421
9.89225
9.74222
9.44708
9.59806
9.4745
9.73409
9.44646
9.4046
9.42608
9.58528
9.46067
9.67917
9.41324
9.55749
9.67711
9.73666
9.63594
9.42111
9.4966
9.43229
9.44307
9.47123
9.90597
9.88369
9.63199
9.65812
9.60182
9.95092
9.51011
9.91293
9.58594
9.39889
9.65197
9.5507
9.83097
9.67295
9.41511
9.50416
9.59799
9.54542
9.45011
9.44365
9.41052
9.54726
9.42481
9.74035
9.79254
9.43266
9.65231
9.50705
9.6558
9.67947
9.65092
9.71641
9.52046
9.39889
9.39889
9.54251
9.62665
9.78251
9.5086
9.58855
9.52097
9.53015
9.76167
9.47299
9.63262
9.97887
9.46549
9.46518
9.39889
9.4013
9.5218
9.41122
9.48812
9.52823
9.67254
9.42975
9.52984
9.60594
9.64868
9.49659
9.48668
9.61522
9.48571
9.39905
9.53836
9.57256
9.4708
9.39922
9.49238
9.79483
9.9456
9.42125
9.39889
9.59126
9.62685
9.81884
9.48281
9.46694
9.61338
9.66652
9.62001
9.47297
9.42423
9.78284
9.79397
9.63408
9.7096
9.86831
10.1011
9.92457
9.8104
9.65707
9.73149
9.50239
9.56837
9.54922
9.6026
9.81773
9.51825
9.68512
9.46639
9.49753
9.44645
9.486
9.55124
9.66352
9.47592
9.50493
9.45001
9.50874
9.50214
9.67369
9.73448
9.8507
9.79158
9.51996
9.67694
9.72998
9.94105
9.5239
9.42708
9.43953
9.41576
9.52336
9.67409
9.50215
9.61554
9.58619
9.93189
9.69078
9.53169
9.50068
9.71811
9.64847
9.63856
9.47111
9.61775
9.58211
9.44738
9.4795
9.50851
9.75916
9.58701
9.51026
9.62976
9.60596
9.45966
9.7529
9.67851
9.59965
9.40926
9.42243
9.65125
9.65027
9.73392
9.76882
9.63199
9.61339
9.5225
9.52264
10.0188
9.93176
9.62256
9.63998
9.85178
9.40192
9.75377
9.42659
9.53423
9.66265
9.61141
9.71559
9.44951
9.40692
9.42189
9.53201
9.43483
9.39889
9.63986
9.773
9.47173
9.52857
9.8595
9.90956
9.7836
9.70209
9.60182
9.6937
9.82953
9.47802
9.72898
9.9404
9.53933
9.6124
9.64514
9.58081
9.6894
9.77338
9.53795
9.55507
9.49247
9.54977
9.67889
9.65698
9.65165
9.58838
9.39889
9.39889
9.84066
9.58898
9.50351
9.45401
9.56938
9.48784
9.51531
9.54796
9.64051
9.72424
9.89988
9.75149
9.69925
9.53319
9.77265
9.58996
9.72129
9.44837
9.56648
9.46844
9.65822
9.61719
9.57461
9.49587
9.72745
9.70596
9.77395
9.70451
9.66205
9.84225
9.72429
9.41373
9.47078
9.66944
9.62764
9.57232
9.7148
10.1579
10.0417
9.66308
9.9516
9.85652
9.53096
9.72493
9.74239
9.51215
9.41499
9.79234
9.78677
9.64153
9.61413
9.49253
9.4219
9.45965
9.49113
9.52282
9.49417
9.48599
9.66139
9.44649
9.57085
9.63497
9.90992
9.50261
9.56321
9.6181
9.86423
10.0263
9.69279
9.56558
9.78332
9.69794
9.79413
9.40543
9.54337
9.46881
9.5476
9.79592
9.55873
9.67896
9.84991
9.94499
9.5551
9.60311
9.40081
9.44807
9.69786
9.73877
9.60564
9.4921
9.46823
9.78237
9.69488
9.70725
9.48191
9.55264
9.71295
9.46282
9.4204
9.49605
9.61449
9.62498
9.51236
9.69919
9.60593
9.69768
9.72058
9.85351
9.54114
9.65725
9.54902
9.52625
9.739
9.49149
9.45555
9.7146
9.803
9.52266
9.71413
9.57613
9.66817
9.55383
9.49352
9.42712
9.6484
9.5362
9.42741
9.45168
9.47943
9.49172
9.46949
9.39889
9.39889
9.74106
9.52426
9.62692
9.43192
9.50013
9.55748
9.46449
9.62913
9.96696
10.1053
9.77566
9.69306
9.71066
9.67097
9.53529
9.46408
9.43219
9.64993
9.54013
9.49746
9.784
9.52634
9.56619
9.45794
9.49122
9.44101
9.59364
9.68758
9.71684
9.71571
9.68852
9.46863
9.53367
9.71284
9.55687
9.5612
9.47044
9.59906
9.52727
9.4051
9.61475
9.74122
9.78015
9.51857
9.57222
9.54976
9.63577
9.52529
9.39889
9.67243
9.47154
9.39889
9.56586
9.45738
9.45435
9.45738
9.40726
9.48059
9.45127
9.39955
9.41417
9.47679
9.46853
9.45713
9.42304
9.91901
9.82817
9.67686
9.79501
9.7118
9.56662
9.57857
9.53902
9.55189
9.8953
9.56688
9.55642
9.8388
9.63915
9.58008
9.46805
9.84681
9.66986
9.56163
9.44797
9.55691
9.59219
9.65441
9.63441
9.51272
9.91374
9.64054
9.46188
9.6367
9.61717
9.53301
9.7043
9.55212
9.39912
9.44264
9.44841
9.76489
9.76668
9.57969
9.49844
9.87265
9.68277
9.53447
9.56753
9.74044
9.4404
9.60467
9.46181
9.42791
9.39889
9.44522
9.55501
9.61659
9.67104
9.39889
9.48085
9.92349
9.63396
9.47946
9.80347
9.55425
9.644
9.86224
9.70751
9.604
9.42182
9.57177
9.511
9.50925
9.66645
9.67146
9.45412
9.5869
9.76798
9.78455
9.81212
9.80571
9.52106
9.39889
9.40863
9.57421
9.43243
9.42344
9.46718
9.5262
9.70453
9.54424
9.57616
9.69458
9.73993
9.47517
9.59833
9.89327
9.94972
9.47341
9.73136
9.56743
9.43876
9.84828
9.97423
9.59083
9.71902
9.6347
9.70866
9.88966
9.52694
9.83217
9.68847
9.71703
9.75038
9.77316
9.77047
9.63097
9.7422
10.1298
9.95847
10.0569
9.86742
9.49417
9.44781
9.48201
9.47115
9.49642
9.47791
9.46971
9.45018
9.64396
9.56194
9.47225
9.47388
9.62681
10.0361
9.65406
9.45586
9.52176
9.62982
9.56078
9.93149
9.57572
9.50822
9.60438
9.46198
9.53974
9.58135
9.64367
9.94281
9.95262
9.84447
9.5741
9.54298
9.52189
9.647
9.39893
9.40192
9.65605
9.71353
9.56201
9.62831
9.81307
9.82925
9.43255
9.59233
9.81856
9.63936
9.80541
9.58956
9.43604
9.4352
9.50959
9.49011
9.43096
9.41255
9.64784
9.51785
9.62672
9.61669
9.71647
9.42439
9.47018
9.60469
9.6555
9.44873
9.46244
9.53278
9.52112
9.67461
9.63342
9.67327
9.45944
9.60819
9.77222
9.72859
9.68392
9.42659
9.7134
9.468
9.48512
9.50823
9.50855
9.8986
9.82506
9.75187
9.67479
9.59848
9.43681
9.56613
9.52501
9.46944
9.5496
9.7028
9.55241
9.66217
9.70393
9.53795
9.70659
9.81637
9.56563
9.85414
9.76533
9.56052
9.52948
9.39889
9.47047
9.67472
9.43114
9.77506
9.7075
9.68606
9.84257
9.51116
9.5134
9.46097
9.73682
9.5839
9.49259
9.53384
9.4852
9.5561
9.53329
9.87665
9.67342
9.44272
9.62882
9.41913
9.4464
9.57988
9.39889
9.50709
9.55176
9.46986
9.85382
9.55799
9.60027
9.47235
9.758
9.47708
9.45497
9.55116
9.51793
9.39922
9.41332
9.49292
9.42583
9.46002
9.40426
9.49818
9.53831
9.64968
9.52773
9.54716
9.53819
9.56683
9.53728
9.46991
9.63907
9.69034
10.2691
10.2084
9.42367
9.45813
9.89814
9.58396
9.47594
9.51498
9.49682
9.64739
9.60916
9.5848
9.5698
9.82156
9.65971
9.55798
9.4926
9.53893
9.39889
9.5309
9.68281
9.85228
9.8534
9.73802
9.73502
9.55512
9.83894
9.47526
9.56436
9.43939
9.50745
9.51125
9.74833
9.42443
9.40564
9.42608
9.61516
9.44615
9.39889
9.39889
9.50814
9.54235
9.5042
9.52279
9.57967
10.0974
9.47765
9.53561
9.62225
9.65772
9.67116
9.43367
9.42557
9.75334
9.75412
9.48076
9.42918
9.39889
9.52216
9.46495
9.79417
9.68095
9.54272
9.45435
9.74664
9.72958
9.54137
9.51407
9.58938
9.63041
9.44595
9.42363
9.44684
9.59782
9.56087
9.76553
9.71963
9.58018
9.70169
9.46075
9.63633
9.5976
9.49702
9.47621
9.4617
9.43874
9.739
9.66075
9.48406
9.74402
9.71157
9.69218
9.53653
9.52371
9.63397
9.65478
9.50484
9.54981
9.47454
9.5773
9.5635
9.78098
9.71684
9.60501
9.76177
9.73117
9.81255
9.6546
9.59951
9.6047
9.66587
9.53869
9.56501
9.66391
9.76974
9.55187
9.43339
9.46749
9.64773
9.41033
9.60678
9.75744
9.74864
9.80006
9.59635
9.81152
9.45851
9.53614
9.54854
9.60653
9.47194
9.98095
9.75135
9.44369
9.87955
9.84929
9.49055
9.40519
9.59958
9.55754
9.5498
9.70233
9.92265
9.40067
9.40231
9.49685
9.44356
9.43792
9.39889
9.41007
9.40048
9.55561
9.40387
9.52619
9.49532
9.66976
9.71444
9.69679
9.62181
9.52391
9.88819
10.0291
9.70847
9.62159
9.42262
9.59542
9.70029
9.70426
9.98841
9.68301
9.82409
9.75024
9.63015
9.59107
9.39889
9.39889
9.47903
9.62105
9.54688
9.39889
9.45268
9.70567
10.2332
9.77622
9.71331
9.39889
9.67816
9.66847
9.50487
9.576
9.72842
9.6147
9.60297
9.81886
9.81089
9.41935
9.44113
9.42125
9.62101
9.85413
9.71628
9.51638
9.51548
9.56617
9.49184
9.5704
9.55633
9.39889
9.47578
9.59523
9.54974
9.55909
9.60795
9.90259
9.51643
9.59135
9.57129
9.61032
9.47308
9.87135
9.65029
9.44518
9.68917
9.79383
9.62839
9.81216
9.86015
10.1068
9.90881
9.86688
9.49496
9.65581
9.77061
10.0338
9.93841
9.60933
9.88338
9.41374
9.39889
9.61475
9.62706
9.46934
9.9241
9.68941
10.1482
9.64995
9.75753
9.7778
9.63367
9.76964
9.7756
10.2635
9.85209
9.99317
9.77297
9.53179
9.57286
9.6437
9.63821
9.60674
9.64392
9.64835
9.5745
9.74686
9.77767
9.66998
9.75893
9.64438
9.52482
9.66783
9.62235
9.81489
9.6142
9.61337
9.59931
9.83195
9.71902
9.8852
9.51006
9.48465
9.64173
9.58339
9.6051
9.45876
9.42797
9.49694
9.39889
9.7484
9.48495
9.39889
9.5585
9.48033
9.62676
9.82749
9.55235
9.46368
9.66636
9.83034
9.78535
9.69128
9.49454
9.71168
9.85253
9.81653
9.81175
9.69089
9.62551
9.62151
9.67232
9.8337
9.39889
9.69544
9.50777
9.4152
9.6145
9.46238
9.46181
9.85857
9.61534
9.46811
9.54834
9.54596
9.56344
9.45935
9.79459
9.63708
9.46233
9.59333
10.0029
9.4962
9.72808
9.74855
9.62218
9.62644
9.41764
9.39889
9.46986
9.51392
9.56712
9.88858
9.86734
9.78839
9.41744
9.46956
9.64601
9.60165
9.44352
9.56745
9.46556
9.5097
9.39889
9.62419
9.64517
9.47757
9.63047
9.80557
9.80797
9.42146
9.46803
9.44362
9.67604
9.57698
9.46733
9.39889
9.68572
9.6292
9.44488
9.45332
9.51034
9.42794
9.40822
9.51751
9.43797
9.71803
9.55968
9.61657
9.59247
9.50966
9.39889
9.52054
9.86954
9.48393
9.5494
9.70618
9.4563
10.0658
9.83456
9.53597
9.51123
9.67562
9.72226
9.94348
10.0154
9.63883
9.49242
9.39889
9.51577
9.75709
9.55988
9.48001
9.50925
9.46678
9.39889
9.55504
9.52117
9.72443
9.60432
9.53415
9.52927
9.63907
9.70798
9.62061
9.51218
9.67247
9.58071
9.74348
10.0262
9.78269
9.51508
9.58304
9.39889
9.41081
9.56188
9.75856
9.69464
9.5896
9.40911
9.39889
9.42264
9.4526
9.45996
9.44285
9.66242
9.39889
9.39889
9.42452
9.44146
9.39889
9.64507
9.47969
9.39974
9.52537
9.48318
9.76641
9.69527
9.47905
9.74961
9.54171
9.91997
10.0616
9.8852
9.60171
9.56182
9.84272
9.56455
9.55634
9.51601
9.46504
9.46783
9.47155
9.45762
9.56543
9.47583
9.56394
9.7263
9.83042
9.67298
9.58533
9.41599
9.61076
9.70485
9.58955
9.48264
9.70528
9.68613
9.69372
9.81276
9.54863
9.55316
9.4259
9.43876
9.50386
9.52667
9.39889
9.39889
9.57467
9.56183
9.72144
9.81896
9.64065
9.40277
9.43359
9.84752
9.50687
9.56528
9.75287
9.58164
9.77576
9.92169
9.67624
9.55886
9.61539
9.43494
9.46607
9.70102
9.56918
9.77209
9.69869
9.62373
9.46065
9.51802
9.49352
9.57554
9.44443
9.56861
9.67621
9.62484
9.62373
9.60962
9.78318
9.67522
9.55528
9.57904
9.63619
9.80647
9.53406
9.4103
9.40233
9.45781
9.46706
9.68675
9.46957
9.4217
9.6477
9.49904
9.50001
9.766
9.78314
9.61991
9.43188
9.51022
9.58674
9.83492
9.5122
9.45454
9.81082
9.5749
9.64357
9.78958
9.48387
9.95868
9.71391
9.42075
9.58938
9.50666
9.64532
9.73579
9.61123
9.67566
9.46735
9.46722
9.66412
9.60419
9.76203
9.62733
9.55887
9.52797
9.59111
9.68903
9.50141
9.4906
9.72151
9.63123
9.66558
9.78326
9.79984
9.72592
9.44661
9.41234
9.41843
9.73803
9.55516
9.67146
9.93076
9.86817
9.59636
9.63681
9.62892
9.82143
9.4965
9.59033
9.40868
9.6736
9.97312
9.91456
9.69396
9.57509
9.41605
9.5083
9.62191
9.62909
9.69813
9.44903
9.46887
9.59071
9.78708
9.57953
9.5887
9.6935
9.59717
9.53513
9.68439
9.51268
9.90331
9.67714
9.41813
9.4355
9.40936
9.39889
9.42841
9.50053
9.4044
9.73182
9.61571
9.46236
9.399
9.50373
9.46913
9.51968
9.54191
9.736
9.5162
9.6625
9.47703
9.55763
9.60485
9.45431
9.66391
9.55017
9.83005
9.69271
9.73304
9.74665
9.4256
9.46619
9.65295
9.39889
9.50811
9.43799
9.52993
9.49279
9.62171
9.54128
9.78382
9.89256
9.40153
9.40728
9.63043
9.69655
9.7923
10.0653
9.93977
9.79123
9.48964
9.80025
9.47426
9.51806
9.51423
9.45189
9.41726
9.41145
9.54503
9.67355
9.39889
9.47477
9.5563
9.64573
9.73145
9.49686
9.40081
9.5072
9.50623
9.49588
9.77808
9.72334
9.61453
9.69868
9.6846
9.82681
9.61379
9.65513
9.68376
9.81966
9.77321
9.43068
9.45305
9.60174
9.64242
9.96979
9.62771
9.80418
9.83248
9.73873
9.41676
9.5213
9.53555
9.62351
9.52846
9.72563
9.49624
9.52563
9.40408
9.42453
9.46621
9.44197
9.7699
9.6794
10.1093
9.58898
9.53587
9.53655
9.60169
9.7567
9.89376
9.67571
9.56587
9.41067
9.71489
9.83372
9.66449
9.67512
9.62271
9.48818
9.39889
9.39889
9.55846
9.4095
9.46025
9.39889
9.45107
9.41359
9.56644
9.67863
9.65139
9.7115
9.68663
9.53237
9.72574
9.48497
9.40426
9.39889
9.42235
9.47785
9.5064
9.64077
9.85749
9.84541
9.52623
9.72302
9.72566
9.78408
9.56373
9.63706
9.65907
9.55115
9.51559
9.66965
9.90352
9.69426
9.95879
9.51782
9.48418
9.83645
9.63734
9.66396
9.74109
9.64849
9.49321
9.42847
9.67149
9.63314
9.52711
9.54876
9.59687
9.49612
9.83169
9.67632
9.61263
9.46018
9.60757
9.40628
9.39893
9.39889
9.42165
9.47276
9.47996
9.44423
9.42513
9.42094
9.39889
9.59888
9.50979
9.42695
9.42459
9.45941
9.65339
9.40882
9.52633
9.55108
9.83638
9.64268
9.40088
9.44054
9.40038
9.6558
9.39989
9.39982
9.47802
9.45452
9.56492
9.52977
9.46444
9.64701
9.51376
9.69299
9.54572
9.60534
9.6395
9.69518
9.58963
9.5084
9.79923
9.56978
9.51619
9.39889
9.42404
9.53918
9.39889
9.87127
9.49227
9.52118
9.7835
9.67381
9.91133
9.50279
9.55971
9.63847
9.69411
9.78709
10.0726
9.41761
9.41113
9.39889
9.40728
9.78065
9.86408
9.78614
9.43003
9.58828
9.61479
9.4048
9.52703
9.43143
9.5313
9.49678
9.5698
9.54591
9.74379
9.77059
9.69079
9.477
9.39889
9.47052
9.72239
9.44866
9.81245
9.56292
9.41939
9.62348
10.0109
9.63745
9.76894
9.60576
9.75626
9.60048
9.58021
9.49829
9.47662
9.64793
9.52794
9.55484
9.51957
9.46064
9.71034
9.73463
9.62641
9.60192
9.57176
9.75139
9.74124
9.6846
9.7655
9.49554
9.39889
9.5209
9.42369
9.69926
9.83543
9.5682
9.41623
9.4028
9.42954
9.5422
9.67732
9.47629
9.48044
9.74232
9.54603
9.69832
9.83712
9.94175
9.67008
9.55725
9.51045
9.66319
9.61427
9.48316
9.6908
9.41313
9.69932
9.51495
9.42941
9.55507
9.67189
9.67261
9.89232
9.78983
9.44324
9.54331
9.52117
9.62497
9.60449
9.89291
9.56199
9.53671
9.4007
9.50071
9.50624
9.67287
9.65486
9.80628
9.49866
9.44639
9.39889
9.48415
9.4505
9.39889
9.45914
9.53921
9.7796
9.64877
9.51426
9.54441
9.46619
9.58207
9.58643
9.93686
9.74908
9.94856
9.581
9.4544
9.67656
9.43804
9.42283
9.54894
9.49056
9.50111
9.58517
9.63148
9.57656
9.83737
9.6468
9.68759
9.49337
9.57699
9.70677
9.68634
9.80081
9.73589
9.61607
9.45514
9.60413
9.63683
9.88697
9.66523
9.65323
9.85485
9.5536
9.65705
9.56033
9.83919
9.61296
9.53352
9.54152
9.44327
9.63776
9.54556
9.62284
9.72609
9.58361
9.39955
9.39889
9.52868
9.53464
9.57549
9.81522
9.66614
9.4573
9.4586
9.40409
9.39889
9.44721
9.55621
9.6315
9.45536
9.56992
9.58534
9.65569
9.64652
9.72799
9.89413
9.65486
9.71379
9.64269
9.5305
9.63597
9.45905
9.60237
9.46061
9.82949
9.74118
9.59027
9.4922
9.45007
9.41435
9.57489
9.54176
9.40749
9.58598
9.6285
9.69971
9.52173
9.56427
9.41091
9.39889
9.47733
9.63006
9.44985
9.69564
9.83271
9.81051
9.82089
9.47081
9.73956
9.74011
9.60499
9.44648
9.69773
9.69348
9.78358
9.56481
9.69232
9.5049
9.66924
9.62466
9.59521
9.61982
9.66249
9.62535
9.53168
9.60048
9.48268
9.46145
9.5337
9.5482
9.55295
9.76722
9.60067
9.66115
9.81838
9.90229
9.74527
10.0144
9.75192
9.92387
9.63582
9.76103
9.61423
9.53767
9.46941
9.39889
9.57284
9.57575
9.76386
9.58065
9.66496
9.84358
9.83052
9.52963
9.41741
9.39889
9.48799
9.54581
9.54229
9.39916
9.65558
9.7817
9.94549
9.68657
9.60178
9.59466
9.61468
9.65094
9.48704
9.57199
9.39889
9.39889
9.45429
9.39889
9.40658
9.40978
9.58788
9.84283
9.81694
9.79033
9.44907
9.57913
9.54191
9.74286
9.47552
9.5057
9.42202
9.56574
9.46644
9.40055
9.71851
9.47598
9.71088
9.84378
9.79927
9.7152
9.64713
9.66592
9.4565
9.4384
9.39889
9.43898
9.44216
9.45021
9.67926
9.53791
9.65811
9.8502
9.50348
9.61299
9.53874
9.43947
9.45538
9.59612
9.60265
9.4081
9.49632
9.48496
9.47029
9.50585
9.43212
9.4285
9.57828
9.76302
9.41663
9.44961
9.45295
9.40532
9.59493
9.44574
9.44759
9.63682
9.49052
9.81151
9.4674
9.5026
9.45069
9.44514
9.5553
9.47633
9.47085
9.4866
9.6257
9.79682
9.45581
9.49411
9.93029
9.60956
9.80487
9.60711
9.52783
9.5702
9.48337
9.42745
9.55092
9.86002
9.6528
9.48558
9.5825
9.82966
9.52009
9.40387
9.57453
9.41861
9.5056
9.52378
9.73159
9.95493
9.49071
9.40263
9.48734
9.46098
9.54744
9.95205
9.5062
9.47131
9.44725
9.43776
9.75343
9.7331
9.39889
9.53604
9.4176
9.44483
9.67673
9.69588
9.7633
9.60619
9.68118
9.52577
9.57365
9.61951
9.6488
9.48252
9.48745
9.39889
9.58673
9.61741
9.51774
9.42182
9.44942
9.47022
9.55923
9.46807
9.85751
9.78427
9.70609
9.48055
9.44624
9.4539
9.40066
9.39889
9.77936
10.023
9.99605
9.66116
9.47358
9.51936
9.39889
9.59022
9.40929
9.4698
9.69245
9.86401
9.83405
9.91962
9.70861
9.59116
9.62053
9.66986
9.83399
9.63904
9.89992
9.55129
9.65372
9.44472
9.82751
9.64968
9.83959
9.43572
9.77418
9.57229
9.6425
9.54168
9.5592
9.39889
9.52699
9.4046
9.62559
9.51192
9.58277
9.61512
9.55759
9.6471
9.42946
9.49376
9.54644
9.41533
9.48701
9.70023
9.58021
9.57855
9.71078
9.96735
9.67852
9.73451
9.6943
9.39889
9.41801
9.4192
9.7258
9.80667
9.87509
9.6939
9.76499
9.81937
9.67363
9.65112
9.52808
9.57137
9.53656
9.46506
9.4262
9.47563
9.61632
9.61277
9.74627
9.79692
9.80454
9.7205
9.54356
9.9799
9.92485
9.39889
9.57312
9.56945
9.65059
9.51718
9.65999
9.49504
9.46381
9.66867
9.67082
9.41886
9.57796
9.45781
9.48836
9.54662
9.457
9.39889
9.49306
9.55779
9.42786
9.64376
9.41272
10.3114
9.97241
9.47101
9.42764
9.47886
9.58659
9.56243
9.6749
9.62212
9.67967
9.71129
9.94714
9.76696
9.65749
9.54359
9.62797
9.60521
9.54261
9.48398
9.48412
9.44273
9.68214
9.49548
9.53137
9.47222
9.52375
9.81411
9.56278
9.74415
9.66405
9.4706
9.42935
9.63751
9.60155
9.42405
9.41389
9.45255
9.42617
9.44449
9.60261
9.49007
9.69301
9.53309
9.77524
9.81123
10.0785
9.72796
9.39889
9.80766
9.77173
9.44023
9.48178
9.50622
9.4604
9.48607
9.44611
9.74646
9.58075
9.52348
9.66265
9.79775
9.68667
9.6494
9.69921
9.57515
9.39889
9.58678
9.75299
9.65204
9.46182
9.56701
9.62098
9.78637
9.82652
9.44659
9.50941
9.43957
9.46823
9.42552
9.39889
9.45926
9.6466
9.76144
9.53086
9.48442
9.40818
9.46353
9.40576
9.8014
10.0013
9.49791
9.56356
9.77048
9.84928
9.84949
9.65647
9.78876
9.76567
9.66377
9.56328
9.48579
9.59966
9.50162
9.64212
9.5601
9.41218
9.51611
9.68595
9.60883
9.73598
9.65376
9.88102
9.63941
9.79828
9.82729
9.63668
9.95662
9.75214
9.62243
9.61303
9.71624
9.5064
9.52141
9.51228
9.45773
9.85125
9.55344
9.60175
9.64651
9.761
9.86608
9.4778
9.5425
9.46234
9.60164
9.66698
9.52133
9.49246
9.51594
9.48217
9.476
9.95695
9.74898
9.4162
9.57679
9.51663
9.56198
9.81572
9.70557
9.5062
9.57068
9.65254
9.66331
9.93261
10.0153
9.56251
9.42307
9.68151
9.75358
9.74696
9.59312
9.39889
9.51507
9.70605
9.41148
9.51513
9.45306
9.67028
9.69136
9.69294
9.61993
9.61043
9.39889
9.78891
9.54211
9.39889
9.56929
9.61407
9.55945
9.70928
9.49762
9.60724
9.65447
9.60667
9.6073
9.41744
9.59957
9.72416
9.80601
9.61671
9.47647
9.72261
9.53678
9.39889
9.55881
9.50963
9.41153
9.45447
9.67725
9.62123
9.45316
9.51558
9.63614
9.68921
9.7588
9.60538
9.55427
9.44144
9.48159
9.62288
9.79086
9.51162
9.53194
9.61592
9.70516
9.53332
9.61718
9.4819
9.39889
9.41896
9.55107
9.41554
9.55897
9.76991
9.66268
9.502
9.63148
9.59644
9.65788
9.77579
9.55498
9.58524
9.66963
9.42367
9.52641
9.51862
9.39889
9.69088
9.56638
9.5446
9.84228
9.89711
9.73081
9.90798
10.0187
9.74742
9.7052
10.007
9.74913
9.69067
9.94361
9.67159
9.83061
9.39889
9.59182
9.62371
9.68674
9.57
9.55356
9.67815
9.75516
9.65333
9.48313
9.53005
9.47272
9.58831
9.55256
9.45455
9.51591
9.43991
9.6348
9.68148
9.65069
9.60942
9.70948
9.68933
9.84767
9.55231
9.49672
9.55539
9.45918
9.61011
9.61125
9.76417
9.6896
9.48425
9.48727
9.61912
9.48588
9.54588
9.45127
9.52873
9.5104
9.8016
9.4253
9.42936
9.49466
9.50137
9.53329
9.58079
9.48232
9.5691
9.55837
9.55625
9.69991
9.4776
9.40603
9.67395
9.72099
9.41735
9.51729
9.40597
9.83108
9.74393
9.70126
9.61976
9.40851
9.71739
9.98526
9.7356
9.46609
9.56489
9.42758
9.45706
9.4149
9.46502
9.52509
9.39889
9.47773
9.89113
9.65002
9.50598
9.64007
9.42192
9.44621
9.39889
9.49508
9.42071
9.8531
9.58528
9.76172
9.703
9.42222
9.59222
9.8323
9.61643
9.67548
9.80706
9.57504
9.39889
9.41692
9.4815
9.53568
9.58243
9.8049
9.92475
9.84174
9.6231
9.57087
9.67086
9.63358
9.58746
9.74546
9.49181
9.57318
9.84541
10.0373
9.85435
9.87661
9.78567
9.87069
9.53366
9.51004
9.67326
9.66963
9.94973
9.94467
9.61171
9.64697
9.81914
9.57362
9.73739
9.74756
9.43278
9.42159
9.86054
9.71054
9.81166
10.0513
9.67227
9.46124
9.55972
9.52889
9.53099
9.67453
9.39889
9.63721
9.64496
9.46655
9.62606
9.45218
9.5385
9.93337
9.48261
9.43562
9.77642
9.61715
9.54018
9.47685
9.64103
9.6359
9.54311
9.69114
9.6812
9.67153
9.45852
9.50148
9.47036
9.49357
9.50628
9.54999
9.4942
9.61621
9.53141
9.4318
9.74016
9.59446
9.78543
9.72143
9.68362
9.71384
9.60078
9.60646
9.74066
9.76434
9.68911
9.60428
9.47012
9.78129
9.67311
9.67797
9.62155
9.47253
9.61056
9.6276
9.40451
9.56434
9.56552
9.5369
9.71245
10.0982
9.62946
9.50039
9.62789
9.85588
9.83184
9.58483
9.58026
9.88962
9.67272
9.98003
9.4911
9.39982
9.64585
9.55196
9.86481
9.74565
10.0605
9.71505
9.44646
9.41087
9.42096
9.53973
9.43682
9.60391
9.55321
9.47368
9.80402
9.56436
9.5964
9.47689
9.86442
9.70649
9.61195
9.67067
9.39889
9.45782
9.53724
9.54077
9.45523
9.56739
9.51192
9.46515
9.56368
9.47991
9.84349
10.2693
9.6692
9.89325
9.8258
9.70142
9.47441
9.44736
9.49819
9.51214
9.40564
9.66129
9.60132
9.56941
9.46828
9.51168
9.61976
9.59538
9.49278
9.65614
9.80738
9.50607
9.42084
9.75932
9.83138
9.62609
9.66096
9.63166
9.62889
9.50887
9.56222
9.8115
9.81285
9.59904
9.46351
9.39889
9.52986
9.44697
9.68992
9.46761
9.63628
9.51303
9.55865
9.58679
9.57369
9.60865
9.65881
9.53778
9.66797
9.61678
9.79355
9.4454
9.62906
9.44589
9.55439
9.56649
9.43658
9.48496
9.60831
9.50245
9.51937
9.53465
9.55013
9.56498
9.49499
9.39889
9.65246
9.76967
9.47313
9.52444
9.6503
9.48154
9.45157
9.74889
9.45813
9.4658
9.55052
9.7395
9.83612
9.97903
9.82759
9.50146
9.47326
9.81215
9.71273
9.79759
9.53883
9.39889
9.46035
9.69833
9.91896
9.69362
9.91962
9.51324
9.5447
9.39889
9.64487
9.8156
9.62591
9.41299
9.51239
9.45444
9.43514
9.50072
9.68008
9.4944
9.46005
9.60462
9.70126
9.7127
9.8799
9.66488
9.46764
9.75549
9.53748
9.53444
9.51285
9.71948
9.50295
9.99453
9.63803
9.47091
9.44289
9.51329
9.5816
9.58521
9.65005
9.85272
9.57758
9.40055
9.43603
9.63639
9.87279
9.63022
9.43622
9.64734
9.63473
9.83685
9.54099
9.60413
9.52322
9.53716
9.52848
9.51682
9.60521
9.69098
9.49513
9.51513
9.44813
9.68161
9.51216
9.39889
9.48619
9.60585
9.70857
9.52123
9.47121
9.5037
9.48925
9.63245
9.52255
9.45286
9.41124
9.58309
9.84086
9.79423
9.57812
9.73261
9.43624
9.52679
9.65809
9.52899
9.77356
9.60593
9.40586
9.48207
9.4296
9.46046
9.40363
9.39889
9.45348
9.93173
9.74174
9.60179
9.4632
9.9962
9.75152
9.574
9.68744
9.68285
9.56671
9.46754
9.44273
9.39893
9.43282
9.54673
9.58238
9.68862
9.66485
9.58331
9.65894
9.63669
9.41948
9.39889
9.41778
9.40868
9.49397
9.76295
9.65881
9.50211
9.74189
9.60812
9.97025
9.55984
9.55387
9.71105
9.81069
9.52142
9.79005
9.74121
9.79806
9.81312
9.6222
9.56691
9.51847
9.47329
9.41819
9.39889
9.4646
9.715
9.39889
9.4868
9.53827
9.74886
9.76527
10.0328
9.74491
9.79459
9.39912
9.39889
9.40349
9.54152
9.58111
9.46129
9.83646
9.59551
9.50863
9.74884
9.80941
9.56894
10.0848
9.84325
9.59957
9.58568
9.73756
9.91829
9.70321
9.61014
9.74195
9.46536
9.83675
9.65672
9.62024
9.58118
9.66098
9.75888
9.45582
9.50561
9.58212
9.59355
9.43019
9.48778
9.42526
9.48605
9.48037
9.58023
9.63797
9.74052
9.40367
9.43984
9.43378
9.47761
9.3932
9.67734
9.73822
9.75269
9.74849
9.71506
9.70521
9.81782
9.40839
9.53941
9.53453
9.44268
9.65352
9.52399
9.52742
9.6968
9.63374
9.40447
9.37483
9.41785
9.56572
9.49256
9.38983
9.43713
9.52937
9.67144
9.40301
9.46792
9.62588
9.78277
9.52454
9.39671
9.59118
9.55407
9.58517
9.40981
9.76967
9.49993
9.3947
9.6474
9.68135
9.47403
9.6049
9.66309
9.57925
9.55928
9.5019
9.45399
9.47149
9.85402
9.69978
9.45173
9.49709
9.65484
9.63106
9.71909
9.71267
9.54775
9.75588
9.56053
9.87363
9.55938
9.37425
9.52764
9.47596
9.71293
9.60408
9.43061
9.69122
9.42635
9.48754
9.63691
9.44056
9.3756
9.7444
9.38263
9.43559
9.50699
9.6666
9.59243
9.8424
9.87488
9.51736
9.45228
9.51312
9.4839
9.42004
9.5661
9.45988
9.4668
9.80861
9.7097
9.44499
9.51543
9.83197
9.60784
9.67793
9.41339
9.75032
9.49918
9.42956
9.37425
9.46577
9.37744
9.48151
9.56897
9.63909
9.57382
9.48816
9.50055
9.74247
9.41158
9.69256
9.43057
9.42708
9.37425
9.94756
9.66446
9.51244
9.59175
9.46783
9.49868
9.51035
9.62372
9.50194
9.63507
9.64477
9.70622
9.69198
9.45164
9.46114
9.64356
9.50527
9.59911
9.38708
9.45013
9.53498
9.67112
9.61713
9.58306
9.41882
9.5303
9.41531
9.38416
9.78546
9.59302
9.53232
9.50907
9.56691
9.97509
9.46455
9.5824
9.52747
9.6167
9.86936
9.41481
9.51454
9.39949
9.37425
9.39106
9.46667
9.45082
9.40289
9.56373
9.63467
9.4718
9.58637
9.43502
9.57752
9.73011
9.54832
9.37551
9.41054
9.72631
9.6172
9.41323
9.57209
10.0115
9.55702
9.69738
9.54004
9.62246
9.4621
9.41802
9.37602
9.47824
9.37744
9.38046
9.5006
9.55981
9.6811
9.39247
9.79138
9.55703
9.44699
9.62662
9.40402
9.48788
9.50681
9.56381
9.70944
9.37425
9.39084
9.76157
9.50055
9.40181
9.63342
9.747
9.67628
9.38338
9.80075
9.45722
9.53659
9.53205
9.59451
9.42621
9.69558
9.65183
9.5773
9.49466
9.5876
9.42423
9.51268
9.57238
9.70975
9.43308
9.40756
9.55033
9.37659
9.61203
9.45007
9.57035
9.86008
9.49615
9.73495
9.442
9.56368
9.67643
9.67058
9.59694
9.85853
9.55011
9.61972
9.43342
9.66265
9.50694
9.44689
9.70932
9.40748
9.37425
9.46864
9.45221
9.37425
9.47784
9.64339
9.65316
9.41491
9.40435
9.51907
9.55475
9.37425
9.47098
9.97084
9.63391
9.4912
9.53812
9.59854
9.45522
9.50144
9.71372
9.96287
9.77784
9.86574
9.60474
9.90639
9.69749
9.92354
9.52726
9.48348
9.47253
9.53084
9.59543
9.60354
9.82171
9.61159
9.46418
9.61847
9.42957
9.54304
9.54
9.53363
9.53452
9.71411
9.45034
9.55708
9.62193
9.71508
9.71597
9.48282
9.40286
9.6118
9.44677
9.74465
9.89306
9.58188
9.50883
9.61192
9.42073
9.47055
9.75118
9.70703
9.41788
9.48068
9.7334
9.76248
9.72959
9.81203
9.87278
9.55874
9.4521
9.75332
9.74381
9.40855
9.64132
9.51789
9.72153
9.70528
9.97497
9.71715
9.43712
9.75909
9.66571
9.67898
9.84466
9.68856
9.73353
9.53574
9.39572
9.70713
9.44685
9.72414
9.40438
9.47215
9.59505
9.49025
9.55454
9.61176
9.58664
9.62357
9.53133
9.61406
9.97815
9.74493
9.37962
9.50176
9.70107
9.45372
9.37425
9.50975
9.60909
9.65261
9.73065
9.38488
9.40117
9.41866
9.37655
9.4113
9.47575
9.86191
9.69126
9.42309
9.58057
9.51852
9.53483
9.56879
9.62523
9.54926
9.39828
9.39879
9.5965
9.61533
9.78934
9.76219
9.56579
9.42283
9.53109
10.038
9.81917
9.79217
9.63996
9.53943
9.56394
9.64867
9.49295
9.578
9.54867
9.59896
9.44698
9.43288
9.37425
9.40428
9.6006
9.51892
9.78262
9.81126
9.81172
9.68155
9.59364
9.66596
9.44094
9.49441
9.69734
9.42379
9.79071
9.45919
9.54771
9.4588
9.7879
9.38937
9.38675
9.63327
9.5346
9.54527
9.70503
9.42525
9.65051
9.77444
9.66518
9.52266
9.47669
9.50653
9.38566
9.40991
9.51698
9.59928
9.40891
9.48093
9.55698
9.41639
9.41763
9.53495
9.48383
9.37425
9.53449
9.73795
9.70347
9.54237
9.55446
9.39049
9.379
9.68706
9.64499
9.41233
9.5256
9.72157
9.5272
9.63856
9.72621
9.8365
9.53032
9.7876
9.5113
9.45836
9.45127
9.73056
9.58894
9.45517
9.45734
9.71632
9.37518
9.37425
9.37622
9.71134
9.76968
10.0051
10.1205
9.72689
9.70683
9.44785
9.41126
9.51393
9.40645
9.37425
9.37728
9.55384
9.37425
9.46825
9.44766
9.70285
9.69084
9.80483
9.49324
9.56544
9.56441
9.77963
9.57012
9.60853
9.66725
9.6886
9.61598
9.37425
9.41031
9.74654
9.76186
9.91458
9.61227
9.5456
9.52157
9.71105
9.41441
9.42081
9.62055
9.45245
9.42725
9.67081
9.66238
9.79155
9.78711
9.78352
9.61598
9.57989
9.6085
9.64304
9.71956
9.53573
9.56719
9.70674
9.89076
9.7094
9.50044
9.65298
9.65248
9.51673
9.46437
9.48386
9.63114
9.69679
9.56172
9.60124
9.46317
9.42073
9.57876
9.53327
9.58038
9.57659
9.51016
9.69651
9.90132
9.68732
9.52786
9.82511
9.39975
9.60589
9.67545
9.67882
9.54418
9.52844
9.46593
9.44477
9.48103
9.63617
9.43662
9.6355
9.5655
9.68873
9.51816
9.37425
9.37425
9.38347
9.47431
9.51988
9.44945
9.52294
9.59049
9.68845
9.42297
9.4631
9.41065
9.38163
9.39528
9.46043
9.43137
9.66694
9.38615
9.41337
9.42552
9.37425
9.50213
9.68228
9.67931
9.41416
9.76888
9.92507
9.65549
9.52326
9.74084
9.50645
9.41853
9.37425
9.4301
9.49788
9.85722
9.4321
9.52584
9.48517
9.37573
9.51067
9.45827
9.43329
9.61513
9.60968
9.63649
9.41097
9.5378
9.50695
9.3857
9.50403
9.92643
9.50841
9.51892
9.58315
9.77525
9.62366
9.43451
9.64689
9.84594
9.51462
9.59275
9.63346
9.93401
9.50414
9.46105
9.50941
9.69921
9.46777
9.46142
9.4008
9.39751
9.53933
9.58916
9.59596
9.52001
9.47144
9.50263
9.43438
9.49695
9.65126
9.82542
9.71674
9.7812
9.70048
9.77302
9.41257
9.49985
9.5604
9.61436
9.41436
9.50291
9.67326
9.48487
9.68948
9.62864
9.58923
9.49118
9.56628
9.41257
9.67918
9.57611
9.58074
9.51041
9.59318
9.51148
9.37779
9.61738
9.54616
9.43925
9.56853
9.40676
9.57833
9.47559
9.52275
9.66877
9.97996
9.6983
9.45539
9.4172
9.67631
9.63697
9.59585
9.73654
9.70737
9.66695
9.58055
9.7197
9.6753
9.57853
9.5836
9.37425
9.43082
9.42358
9.44731
9.37425
9.77916
9.63726
9.59122
9.7524
9.54658
9.58724
9.45954
9.75637
9.79635
9.88395
9.51611
9.80835
9.93853
9.81428
9.38281
9.63507
9.67265
9.60138
9.41016
9.37425
9.64167
9.49796
9.62896
9.74763
9.78099
9.50351
9.62896
9.79984
9.61635
9.49933
9.45114
9.6335
9.63807
9.37425
9.54503
9.92322
9.57925
9.69092
9.65132
9.54532
9.60854
9.65495
9.68156
9.52048
9.59267
9.4225
9.57263
9.75601
9.81907
9.58174
9.49592
9.38399
9.52409
9.47767
9.61567
9.64287
9.58338
9.56672
9.47246
9.50974
9.49695
9.38023
9.40711
9.44223
9.58001
9.54512
9.76345
10.0528
9.61197
9.8126
9.73974
9.70185
9.70484
9.47925
9.5499
9.58825
9.61861
9.9067
10.0356
9.64635
9.78287
9.51169
9.64039
9.42375
9.46219
9.5926
9.71479
9.59104
9.46891
9.46011
9.53014
9.40973
9.53378
9.41823
9.50227
9.43157
9.49315
9.94001
9.60871
9.436
9.52036
9.39176
9.54302
9.47646
9.65687
9.52277
9.54569
9.52455
9.67324
9.71442
9.95089
9.90503
9.53938
9.59446
9.67746
9.46094
9.38651
9.42309
9.61031
9.43117
9.38415
9.46902
9.4652
9.51563
9.43242
9.59769
9.72633
9.56997
9.71992
9.8813
9.41367
9.46441
9.44694
9.53021
9.68882
9.47933
9.4281
9.37458
9.45525
9.45504
9.47795
9.70439
10.0305
9.55568
9.42683
9.47667
9.39638
9.37622
9.51417
9.44124
9.37425
9.40143
9.52466
9.59429
9.64347
9.69744
9.8349
9.72506
9.8996
9.6937
9.76479
9.63598
9.70308
9.87422
9.58656
9.71974
9.54654
9.40654
9.38018
9.5992
9.66794
9.7327
9.44354
9.55221
9.62993
9.51631
9.48964
9.89498
9.52668
9.43189
9.43242
9.73027
9.56666
9.57273
9.45931
9.48558
9.51554
9.45719
9.46506
9.37425
9.69337
10.0475
9.79426
9.89729
9.8213
9.38518
9.58849
9.53734
9.59209
9.63333
10.0189
9.53516
9.46594
9.49539
9.70935
9.62798
9.57956
9.97978
9.57218
9.76278
9.4588
9.50538
9.95494
9.44302
9.41473
9.49232
9.44414
9.44138
9.59844
9.53274
9.52418
9.56378
9.63874
9.6149
9.37425
9.43166
9.51943
9.62538
9.38578
9.37425
9.5691
9.7481
9.80142
9.7601
9.51357
9.73637
9.48338
9.37458
9.50825
9.48932
9.56149
9.62465
9.45673
9.70078
9.43878
9.56791
9.88742
9.4192
9.37425
9.51052
9.80572
9.68403
9.60208
9.7261
9.73047
9.63563
9.5945
9.57504
9.51137
9.48623
9.61891
9.67595
9.4397
9.45223
9.57683
9.48527
9.77267
9.62444
9.84677
9.92142
9.66443
9.56613
9.39484
9.5406
9.38336
9.55809
9.72935
9.63853
9.50546
9.48866
9.57928
9.43149
9.52997
9.69105
9.59543
9.61981
9.60967
9.70948
9.65969
9.45164
9.53896
9.49307
9.51601
9.43482
9.40535
9.46397
9.49482
9.41688
9.47425
9.57309
9.58265
9.39848
9.43138
9.60507
9.66021
9.6295
9.55271
9.55361
9.54426
9.49855
9.81316
9.7917
9.5205
9.73243
9.64001
9.85465
9.66336
9.59652
9.58797
9.62306
9.80028
9.47262
9.69758
9.42818
9.48638
9.40879
9.47341
9.50319
9.61972
9.57327
9.60616
9.56614
9.7314
9.97462
9.61637
9.42188
9.561
9.59279
9.60862
9.47357
9.70818
9.67209
9.40525
9.43965
9.7481
9.45338
9.39869
9.64794
9.71059
9.79842
9.9203
9.66264
9.97067
9.65818
9.67752
9.38716
9.43274
9.58919
9.70724
9.55492
9.49826
9.43115
9.4033
9.52213
9.38826
9.62228
9.39661
9.37425
9.41292
9.54441
9.499
9.59148
9.54418
9.60908
9.45717
9.62874
9.50895
9.5703
9.53525
9.38677
9.38233
9.41209
9.72597
9.73279
9.44662
9.37988
9.39438
9.50891
9.50956
9.59439
9.49911
9.69646
9.44682
9.53912
9.69452
9.64414
9.53745
9.61489
9.63185
9.4372
9.58087
9.64905
9.62014
9.37425
9.66998
9.54994
9.59822
9.59891
9.96594
9.66664
9.68017
9.51539
9.62714
9.38232
9.49136
9.72166
9.61855
9.68698
9.43134
9.54073
9.53
9.5296
9.46386
9.88146
9.54523
9.46853
9.56341
9.50002
9.71309
9.53144
9.91788
9.73314
9.50123
9.46414
9.37555
9.43941
9.71902
9.7923
9.83157
9.62359
9.58941
9.59411
9.45789
9.67034
9.46073
9.37768
9.41259
9.41948
9.84574
9.71346
9.78807
9.56409
9.45681
9.51033
9.46347
9.49296
9.43803
9.44232
9.46529
9.66448
9.64143
9.52727
9.73644
9.6488
9.88125
9.97499
9.77858
9.66739
9.48165
9.86779
9.702
9.59516
9.65098
9.88102
9.68604
9.71092
9.82128
9.57526
9.77412
9.44353
9.45762
9.41594
9.37425
9.84892
9.68126
9.42053
9.53049
9.53806
9.40206
9.37425
9.41643
9.53134
9.74243
9.50446
9.50925
9.48185
9.47572
9.53925
9.6761
9.52692
9.43276
9.56556
9.45346
9.55371
9.58781
9.57911
9.48504
9.69603
9.52444
9.52014
9.43227
9.44903
9.41885
9.37609
9.37425
9.63202
9.83495
9.82283
9.59763
9.37786
9.43481
9.47151
9.38887
9.58278
9.67376
9.76546
9.47192
9.52026
9.40272
9.62215
9.68318
9.62468
9.38436
9.41129
9.47184
9.51898
9.52637
9.5474
9.43436
9.64166
9.80959
9.40343
9.45931
9.37425
9.37425
9.67512
9.61403
9.71154
9.56043
9.4201
9.65105
9.51723
9.56741
9.51611
9.38958
9.74157
9.55011
9.63836
9.92572
9.78411
9.76569
9.60074
9.58127
9.72564
9.93993
9.74937
9.5345
9.52593
9.9163
9.80656
9.58432
9.62183
9.68929
9.67792
9.41965
9.37425
9.49658
9.48164
9.59582
9.37744
9.72788
9.63832
9.49175
9.66761
9.46223
9.46378
9.57899
9.5112
9.6402
9.87376
9.74412
9.5134
9.60834
9.71957
9.57784
9.45256
9.65633
9.50907
9.46259
9.42276
9.4625
9.58441
9.71381
9.77021
9.56167
9.74067
9.75366
9.59114
9.45146
9.76617
9.7027
9.55149
9.80574
9.56449
9.59576
9.68727
9.61643
9.42104
9.63279
9.53225
9.85896
9.51994
9.37425
9.37425
9.68333
9.4672
9.37458
9.44138
9.48482
9.58011
9.52485
9.39921
9.54205
9.53669
9.7632
9.72675
9.56053
9.5836
9.81618
9.57578
9.56138
9.50901
9.38448
9.61241
9.8054
9.46963
9.69062
9.7012
9.61433
9.57139
9.83985
9.79148
9.637
9.6775
9.60371
9.68002
9.46457
9.5052
9.50606
9.42415
9.77562
9.6601
9.54067
9.5241
9.75004
9.79951
9.83128
9.45638
9.50802
9.47369
9.77219
9.54666
9.50761
9.47444
9.5183
9.70793
9.65029
9.72159
9.68147
9.72065
9.75364
9.58343
9.80838
9.53314
9.87838
9.93887
9.53433
9.60234
9.64131
9.53442
9.38021
9.54693
9.72757
9.41448
9.55939
9.6231
9.51571
9.45503
9.4525
9.99627
9.55353
9.46306
9.73101
9.58229
9.39041
9.50837
9.55519
9.65623
9.52786
9.65323
9.59528
9.52749
9.40964
9.47579
9.61107
9.68112
9.69216
9.68126
9.52557
9.50002
9.60977
9.98667
10.1284
9.50528
9.37458
9.56452
9.50748
9.41308
9.67437
9.48069
9.65869
9.48764
9.7163
9.41944
9.3793
9.50964
9.57518
9.71761
9.51533
9.57728
9.38399
9.8889
9.70614
9.98109
9.43068
9.62297
9.6568
9.54993
9.84989
9.53589
9.4634
9.6526
9.74988
9.84859
9.51307
9.4222
9.45206
9.47073
9.4115
9.59195
9.76921
9.96825
9.74524
9.54475
9.46827
9.47262
9.56594
9.66623
9.5084
9.71096
9.48492
9.38672
9.58717
9.52753
9.43286
9.63105
9.55146
9.75946
9.57534
9.38321
9.70375
9.78873
9.60222
9.92524
9.75019
9.43482
9.37425
9.48256
9.57297
9.60753
9.44496
9.42508
9.37425
9.48776
9.49403
9.39924
9.5662
9.62705
9.56905
9.4083
9.41126
9.55875
9.39684
9.46849
9.5258
9.63046
9.46743
9.69177
9.55843
9.38079
9.37425
9.65906
9.39717
9.46828
9.40692
9.70943
9.84934
9.37798
9.56992
9.86835
9.55172
9.53555
9.73008
9.61128
9.50187
9.69139
9.67842
9.78475
9.72044
9.83865
9.50209
9.5715
9.44091
9.80071
9.60447
9.44058
9.37573
9.45002
9.37644
9.42665
9.496
9.49257
9.5429
9.43669
9.40042
9.49487
9.71367
9.65924
9.47176
9.59696
9.55369
9.70364
9.83704
9.8946
9.80664
9.47786
9.74736
9.86183
9.6295
9.39531
9.48739
9.54553
9.4359
9.62291
9.59395
9.72033
9.65306
9.49578
9.78886
9.72649
9.6862
9.50351
9.47123
9.72473
9.43901
9.37425
9.48303
9.41937
9.46282
9.495
9.64078
9.68329
9.58594
9.74673
9.65362
10.0398
9.77554
9.79669
9.67066
9.49113
9.78755
9.61608
9.74643
9.58246
9.94292
9.40409
9.53221
9.67148
9.68701
9.46611
9.51894
9.74226
9.61632
9.57497
9.44574
9.48503
9.59956
9.65641
9.44553
9.43272
9.5968
9.69719
9.3843
9.71319
9.57809
9.65451
9.76904
9.8432
9.83527
9.37425
9.42331
9.43661
9.56368
9.44813
9.65646
9.5721
9.48977
9.66318
9.53223
9.64887
9.41913
9.76575
9.47053
9.53972
9.66402
9.72499
9.37425
9.55931
9.49437
9.42143
9.38515
9.42248
9.42149
9.44958
9.48483
9.61601
9.77575
9.37425
9.40091
9.69717
9.63002
9.56235
9.6527
9.47844
9.60187
9.56016
9.3912
9.38793
9.44444
9.45817
9.71148
9.52838
9.86268
9.91622
10.054
9.51076
9.56698
9.47975
9.45974
9.37425
9.55781
9.37425
9.38533
9.42283
9.51309
9.68554
9.62716
9.90796
9.81836
9.38372
9.50066
10.1013
9.7584
9.52922
9.97155
9.40108
9.59877
9.60939
9.64242
9.8543
9.80335
9.46689
9.41642
9.37425
9.3859
9.45822
9.52089
9.63246
9.38797
9.48282
9.49489
9.46478
9.59823
9.37425
9.60589
9.53977
9.47614
9.53632
9.50299
9.6402
9.59158
9.44669
9.64316
9.53133
10.0381
9.8026
9.50726
9.41796
9.37425
9.47751
9.45511
9.67283
9.64246
9.42167
9.45005
9.79889
9.47677
9.41255
9.68633
9.42712
9.47759
9.45417
9.69281
9.64438
9.58914
9.46279
9.38171
9.39761
9.38793
9.5522
9.41264
9.50169
9.46425
9.53982
9.70743
9.64886
9.87204
9.91405
9.54634
9.84565
9.54355
9.56234
9.56224
9.85338
9.56321
9.57839
9.4344
9.53814
9.52545
9.48307
9.46916
9.78294
9.62751
9.55421
9.51637
9.66766
9.51468
9.39116
9.43221
9.51259
9.66391
9.49096
9.41243
9.41019
9.39602
9.43647
9.55314
9.70775
9.37719
9.79851
9.66187
9.46539
9.58012
9.59367
9.57229
9.45811
9.60471
9.55599
10.0111
9.58956
9.68896
9.53259
9.38566
9.43869
9.60869
9.82383
9.63548
9.58543
9.6505
9.76267
9.6243
9.48521
9.40808
9.37589
9.42785
9.44334
9.40966
9.49256
9.53621
9.77056
9.84414
9.5741
9.56815
9.71318
9.55562
9.43012
9.39105
9.7417
9.569
9.46148
9.37425
9.63328
9.47989
9.52011
9.50846
9.5823
9.37425
9.54273
9.60133
9.46491
9.71826
9.65957
9.65303
9.7089
10.0288
9.46898
9.48791
9.64477
9.61153
9.41674
9.58162
9.49536
9.44168
9.82878
9.48952
9.50037
9.81199
9.66242
9.52352
9.43126
9.615
9.53901
9.60108
9.75489
9.6974
9.37425
9.42697
9.39951
9.63551
9.49626
9.48568
9.54518
9.55568
9.37425
9.50125
9.45562
9.47863
9.5092
9.5064
9.56211
9.52584
9.69789
9.65318
9.58194
9.40359
9.50194
9.59052
9.47907
9.67248
9.59095
9.61202
9.61052
9.62565
9.49034
9.82114
9.84829
9.84896
9.8323
9.76106
9.57542
9.71261
9.58838
9.52095
9.65392
9.94281
9.68766
9.66926
9.70564
9.60861
9.45076
9.56521
9.48322
9.50043
9.59522
9.56407
9.5743
9.43131
9.59361
9.50369
9.72839
9.4996
9.58394
9.77579
9.70028
9.73262
9.83947
9.91514
9.75951
9.52042
9.80532
9.48505
9.70572
9.46534
9.63847
9.69516
9.69652
9.40366
9.62855
9.42739
9.70417
9.55321
9.50875
9.39487
9.42961
9.41085
9.61634
9.56879
9.6101
9.5014
9.54276
9.61059
9.50162
9.68853
9.55199
9.48988
9.66194
9.6342
9.48297
9.69471
9.64104
9.71138
9.6754
9.59873
9.61406
9.42435
9.69233
9.51129
9.42129
9.6764
9.69692
9.52135
9.56617
9.72952
9.61157
9.49427
9.61933
9.62393
9.49304
9.59568
9.58849
9.57716
9.46235
9.4475
9.57807
9.66024
9.7199
9.53763
9.71127
9.38285
9.52629
9.78925
9.76332
9.57866
9.38442
9.37932
9.46946
9.4084
9.56147
9.47801
9.5268
9.49328
9.44002
9.37425
9.54884
9.79801
9.71173
9.70445
9.77504
9.43582
9.50699
9.55839
9.53707
9.53152
9.64966
9.51727
9.49123
9.46637
9.38376
9.45148
9.73572
9.62175
9.43359
9.5208
9.68043
9.90357
9.84193
9.81802
9.58455
9.57354
9.62278
9.78961
9.77241
9.79808
9.83221
9.37425
9.74672
9.4304
9.57938
9.60916
9.60056
9.64075
9.52362
9.70792
9.39096
9.64311
9.48604
9.62565
9.80345
9.51902
9.71349
9.70925
9.84476
9.74389
9.43331
9.74848
9.6442
9.69694
9.4068
9.42294
9.50649
9.37425
9.43357
9.51809
9.76597
9.6489
9.53069
9.42504
9.64362
9.69465
9.49254
9.51726
9.51487
9.51842
9.44726
9.48787
9.44239
9.49101
9.56742
9.70356
10.2678
9.73642
9.53024
9.49447
9.67791
9.58887
9.39078
9.46595
9.37425
9.42991
9.49203
9.47253
9.67977
9.53291
9.45386
9.66612
9.68392
9.69575
9.84165
9.903
9.72288
9.69951
9.76529
9.82804
9.78992
9.48047
9.52976
9.61847
9.71133
9.4414
9.93455
9.62441
9.5316
9.40135
9.6007
9.57524
9.69862
9.67429
9.55143
9.52547
9.39559
9.52948
9.64306
9.59925
9.77581
9.54193
9.50069
9.43019
9.70967
9.88429
9.86512
9.61781
9.42182
9.4158
9.68889
9.52508
9.81644
9.56543
9.59991
9.66918
9.57208
9.85713
9.64403
9.67971
9.38832
9.44399
9.37425
9.51559
9.74019
9.45249
9.65905
9.39084
9.43656
9.43712
9.46431
9.96385
9.76403
9.58381
9.40638
9.52185
9.71382
9.79275
9.65112
9.55259
9.52451
9.38983
9.39447
9.48825
9.59002
9.57719
9.78514
9.37425
9.41186
9.72149
9.47048
9.43702
9.46518
9.50439
9.94884
9.75362
9.86688
9.70155
9.44676
9.5645
9.48572
9.45432
9.67112
9.57565
9.50448
9.66559
9.58411
9.55276
9.73379
9.74013
9.96271
9.42925
9.3908
9.41369
9.61029
9.41674
9.5708
9.4948
9.49543
9.67916
9.71
9.54712
9.37425
9.38953
9.46444
9.50751
9.4408
9.38486
9.40848
9.38199
9.47106
9.62933
9.5899
9.66241
9.99256
9.66199
9.48873
9.51818
9.47625
9.47145
9.75105
9.46808
9.53193
9.47011
9.60653
9.54684
9.3966
9.68507
9.62649
9.73505
9.49166
9.41262
9.42969
9.53401
9.58965
9.75751
9.60277
9.62766
9.61671
9.37425
9.37425
9.50382
9.40656
9.6003
9.62356
9.3981
9.53092
9.61681
9.78997
9.73505
9.68539
9.37425
9.65359
9.89552
9.65964
9.52791
9.69332
9.56936
9.51497
9.38956
9.43881
9.50674
9.51562
9.47859
9.42414
9.72931
9.42196
9.54346
9.43084
9.4244
9.59248
9.64555
9.63572
9.4796
9.55883
9.5262
9.84924
9.66733
9.6661
9.59206
9.77708
9.47123
9.59138
9.72019
9.64259
9.53145
9.52833
9.51911
9.43915
9.50344
9.37425
9.37425
9.38916
9.46823
9.38203
9.64108
9.57901
9.77689
9.56193
9.4649
9.54633
10.0824
9.94093
9.79706
9.57978
9.68612
9.60419
9.39266
9.46188
9.6862
9.93591
9.53526
9.54023
9.43685
9.52349
9.50169
9.6809
9.50977
9.82304
9.53354
9.66438
9.39073
9.645
9.53006
9.69466
9.59862
9.53861
9.57495
9.40689
9.66305
9.70079
9.46941
9.61373
9.90713
9.45209
9.45659
9.46315
9.49707
9.50177
9.78174
9.72757
9.5682
9.55615
9.65146
9.91968
9.47206
9.41672
9.52131
9.59581
9.74695
9.45052
9.52553
9.42179
9.50659
9.6279
9.41621
9.55247
9.51222
9.64185
9.61522
9.64793
9.49912
9.41848
9.78382
9.46776
9.55299
9.8248
9.54624
9.61792
9.78996
9.48573
9.44363
9.38172
9.45212
9.66125
9.85973
9.73734
9.90313
9.44886
9.6019
9.6302
9.56723
9.56702
9.8492
9.43944
9.39911
9.6097
9.90256
9.71994
9.51668
9.5234
9.75938
9.75328
9.63017
9.56414
9.5267
9.72725
9.6428
9.56851
9.53013
9.4363
9.45615
9.67148
9.65718
9.48468
9.41388
9.61196
9.70502
9.57851
9.51231
9.48295
9.44121
9.84695
9.52727
9.84238
9.55928
9.749
9.69872
9.81555
9.5162
9.37425
9.45135
9.49265
9.37518
9.55603
9.71423
9.37425
9.37518
9.58508
9.47966
9.54647
9.66544
9.50262
9.45753
9.56632
9.58613
9.46667
9.65147
9.58747
9.47284
9.87341
9.46439
9.61965
9.72683
9.95407
9.81511
9.59285
9.39722
9.47747
9.7948
9.5015
9.58768
9.74062
9.40344
9.46682
9.68459
9.88603
9.67462
9.7798
9.77713
9.68116
9.66939
9.64577
9.94204
9.84123
9.83708
9.79448
9.54634
9.58759
9.4571
9.38068
9.68496
9.62261
9.62176
9.67563
9.37425
9.71573
9.86116
9.41325
9.68318
9.40803
9.53564
9.38264
9.82916
9.71355
9.54241
9.38116
9.39196
9.70264
9.48182
9.52273
9.77819
9.50724
9.73718
9.56984
9.97387
9.62809
9.48148
9.56422
9.39943
9.67353
9.72105
9.77245
9.72767
9.45312
9.51557
9.54978
9.53647
9.68973
9.3792
9.54336
9.69498
9.47648
9.64799
9.71933
9.43913
9.39345
9.37425
9.39312
9.47638
9.51575
9.60804
9.58402
9.47836
9.45649
9.47721
9.60358
9.9955
9.55072
9.41583
9.57338
9.62314
9.54603
9.50769
9.37425
9.40098
9.45318
9.60763
9.48083
9.45422
9.8088
9.56506
9.94264
9.56134
9.51719
9.57687
9.42243
9.5718
9.53286
9.41393
9.62171
9.60626
9.45692
9.40137
9.684
9.75674
10.0327
9.85534
9.48374
9.67285
9.54277
9.59044
9.76817
9.58811
9.73669
9.69955
9.77745
9.65064
9.61198
9.73386
9.6312
9.54224
9.46933
9.38424
9.37872
9.40042
9.42364
9.71573
9.53442
9.61035
9.51953
9.40239
9.4866
9.68501
9.96011
9.89086
9.6842
9.49595
9.52176
9.37425
9.56485
9.53437
9.82848
9.58756
9.68473
9.85947
9.80211
9.57194
9.65233
9.5137
9.89273
9.637
9.57467
9.6327
9.76737
9.37425
9.52907
9.52594
9.57465
9.69343
9.44701
9.74498
9.91289
9.66568
9.46442
9.40231
9.37496
9.56209
9.69705
9.55277
9.47198
9.56983
9.43267
9.55967
9.63824
9.58734
9.38616
9.90126
9.48165
9.57346
9.50927
9.38072
9.43229
9.42692
9.63661
9.37425
9.46884
9.44774
9.77283
9.87239
9.70647
9.42339
9.57823
9.89814
9.57663
9.48491
9.68192
9.49093
9.54099
9.42271
9.56258
9.81249
9.43452
9.56029
9.5228
9.63347
9.84762
9.69097
9.41873
9.66129
9.68167
9.77024
9.62816
10.0239
9.89618
9.65576
9.64125
9.56749
9.76051
9.43731
9.71733
10.1321
9.62949
9.62286
9.62647
9.52224
9.37425
9.73806
9.49392
9.46997
9.4427
9.56216
9.6963
9.43314
9.58363
9.8221
9.61952
9.495
9.64762
9.55318
9.37425
9.49643
9.51355
9.4074
9.4567
9.41001
9.79711
9.81226
9.56094
9.45382
9.51385
9.45076
9.45719
9.38461
9.52705
9.52911
9.71925
9.66616
9.54508
9.92446
9.61624
9.50132
9.53782
9.53261
9.63627
9.70337
9.48685
9.60148
9.59916
9.93185
9.39892
9.37425
9.54793
9.80004
9.64403
9.43534
9.42856
9.44141
9.6521
9.74974
9.71174
9.75566
9.53664
9.51296
9.45187
9.44195
9.65529
9.46661
9.38172
9.3849
9.37508
9.48307
9.37603
9.37425
9.49197
9.37659
9.3873
9.46303
9.66807
9.53895
9.42934
9.54778
9.68752
9.69879
9.85487
9.49774
9.63401
9.39499
9.37425
9.63347
9.75929
9.99711
9.73905
9.62658
9.46996
9.41105
9.5014
9.4453
9.58377
9.45825
9.48924
9.57361
9.4508
9.50591
9.72601
9.85644
9.65011
9.43461
9.58278
9.60542
9.55074
9.86017
9.9329
9.84134
9.52845
9.61224
9.72041
9.5858
9.48572
9.38144
9.41666
9.56176
9.98144
9.55418
9.63219
9.41447
9.58327
9.37445
9.57648
9.55635
9.61943
9.63033
9.67408
9.44862
9.6287
9.7026
9.76707
9.80235
9.63632
9.6736
9.7348
9.52747
9.4575
9.43265
9.37425
9.46909
9.52825
9.52903
9.54175
9.41953
9.61486
9.62492
9.61084
9.70279
9.79231
9.497
9.79967
9.86646
9.60121
9.75068
9.74847
9.84975
9.97691
9.40799
9.66979
9.49276
9.46401
9.54113
9.465
9.55421
9.61483
9.82117
9.40347
9.66722
9.9561
9.70173
9.6419
9.73509
9.43946
9.52681
9.48507
9.42484
9.51236
9.70608
9.37425
9.45568
9.38226
9.58568
9.4282
9.48676
9.44764
9.63128
9.60565
9.37573
9.37425
9.39665
9.53562
9.51468
9.42015
9.49584
9.41398
9.63491
9.53381
9.64703
9.91983
9.67691
9.37603
9.58606
9.44393
9.84534
9.41798
9.40525
9.43159
9.53568
9.60653
9.60933
9.71627
9.51575
9.50889
9.52905
9.45556
9.61567
9.39945
9.40571
9.64696
9.60221
9.58379
9.65086
9.92143
9.86141
9.45318
9.43304
9.37425
9.62537
9.45098
9.69411
9.56739
9.467
9.67633
9.46453
9.43886
9.59591
9.55168
9.41891
9.43646
9.46236
9.42246
9.65246
9.52786
9.61944
9.52336
9.44163
9.43018
9.67333
9.39947
9.61465
9.67215
9.55018
9.92485
9.49824
9.93872
9.51612
9.61123
9.40154
9.54679
9.61282
9.4864
9.48613
9.41659
9.54656
9.57066
9.56681
9.50267
9.76692
9.50334
9.38536
9.71362
9.66276
9.37425
9.43461
9.60738
9.46155
9.4028
9.55399
9.37425
9.51986
9.4644
9.4658
9.39255
9.43547
9.47696
9.54907
9.46756
9.54475
9.41711
9.43851
9.99817
9.84215
9.38407
9.38686
9.44102
9.39504
9.38092
9.56342
9.45815
9.70563
9.38173
9.48895
9.60709
9.64167
9.57936
9.6347
9.77155
10.0057
9.7158
9.53784
9.47308
9.61976
9.49186
9.41983
9.49756
9.53039
9.47948
9.40809
9.44887
9.50709
9.4513
9.55222
9.55046
9.74016
9.59217
9.79649
9.38139
9.37425
9.69196
9.42668
9.71325
9.57953
9.51716
9.43239
9.41655
9.39666
9.46699
9.70473
9.94984
9.67195
9.49682
9.53069
9.61029
9.56906
9.38029
9.37744
9.63968
9.6729
9.7063
9.75365
9.59389
9.46781
9.41904
9.5232
9.47466
9.4198
9.51076
9.55261
9.40059
9.40732
9.45845
9.43358
9.71203
9.67883
9.77178
9.61456
9.40395
9.38557
9.57419
9.60218
9.62191
9.42331
9.38851
9.53366
9.7284
9.57861
9.5147
9.71644
9.37425
9.57564
9.61216
9.71931
9.51875
9.62733
9.54853
9.49018
9.71992
9.64122
9.59019
9.42836
9.53188
9.51582
9.6561
9.83586
9.75047
9.60646
9.58677
9.40828
9.76905
9.7527
9.70424
9.6343
9.69408
9.80846
9.71079
9.79875
9.68377
9.63335
9.49797
9.42553
9.58444
9.55692
9.67701
9.79281
9.4049
9.47428
9.50068
9.62876
9.50004
9.59189
9.57993
9.59821
9.58593
9.46234
9.37932
9.37425
9.37551
9.44769
9.89941
9.5272
9.38853
9.49643
9.37425
9.52008
9.59596
9.46343
9.59869
9.65186
9.48944
9.98791
9.94005
9.58579
9.46758
9.73688
9.77453
9.37728
9.47277
9.47184
9.37425
9.38936
9.5647
9.74669
9.67768
9.57782
9.55532
9.37538
9.53996
9.42285
9.55837
9.49251
9.37425
9.72108
9.55582
9.59458
9.54099
9.81805
9.62978
9.9723
9.64523
9.37425
9.54698
9.68423
9.68049
9.72071
9.65224
9.41766
9.49542
9.57813
9.42158
9.44953
9.57599
9.50339
9.70909
9.42913
9.51569
9.81978
9.48648
9.59333
9.80197
9.9434
9.67152
9.4856
9.9346
9.84931
9.5064
9.61935
9.48722
9.55762
9.72063
9.46641
9.42204
9.53799
9.89691
9.83731
9.69945
9.8599
9.60707
9.68791
9.7299
10.0248
9.74581
9.72127
9.64358
9.44646
9.62135
9.37425
9.45529
9.54567
9.44315
9.81324
9.70576
9.57712
9.62317
9.42312
9.38953
9.43736
9.41898
9.37425
9.47848
9.64383
9.46508
9.65878
9.80355
9.49147
9.84164
9.69751
9.56638
9.83664
9.60989
9.45247
9.58263
9.5087
9.81663
9.82654
9.47096
9.76718
9.37425
9.40663
9.90895
9.73874
9.47908
9.67545
9.66054
9.8545
9.69356
9.52641
9.37601
9.58503
9.3828
9.41042
9.54192
9.8591
9.58492
9.53268
9.72921
9.57038
9.79479
9.68362
9.47859
9.84328
9.67116
9.63946
9.61003
9.45348
9.61544
9.46378
9.54938
9.4369
9.43734
9.63046
9.42827
9.48862
9.84158
9.51691
9.64596
9.65333
9.61074
9.54371
10.0947
9.58959
9.43059
9.57309
9.56717
9.62949
9.60248
9.44674
9.78893
9.37425
9.49833
9.79984
9.76495
9.37425
9.60651
9.40179
9.81953
9.74755
9.45146
9.42608
9.4014
9.41704
9.37425
9.63375
9.51264
9.57148
9.38856
9.3829
9.58648
9.73585
9.59796
9.48976
9.44778
9.46629
9.46098
9.79067
9.54661
9.55535
9.74672
9.84358
9.73949
9.57065
9.86639
9.52335
9.56891
9.73003
9.70109
9.90775
9.42068
9.79269
9.70972
9.95943
9.89179
9.79549
9.61774
9.78298
9.89318
9.40821
9.4865
9.45488
9.59003
9.3938
9.39131
9.5472
9.82709
10.0355
9.61457
9.63219
9.63643
9.79321
9.76886
9.57018
9.61883
9.49342
9.4306
9.52086
9.41097
9.60068
9.58708
9.67673
9.71235
9.8584
9.69518
9.60812
9.53346
9.50556
9.46436
9.56317
9.71443
9.94393
9.48006
9.5477
9.40049
9.56664
9.54428
9.64308
9.63018
9.6894
9.92808
9.76892
9.64867
9.61363
9.54012
9.62174
9.49247
9.38518
9.68557
9.67062
9.38713
9.46989
9.41744
9.56996
9.78207
9.71921
9.54615
9.57779
9.44078
9.69323
9.55196
9.39289
9.39413
9.47211
9.46002
9.74471
9.44639
9.7148
9.53623
9.64172
9.4369
9.59589
9.80213
9.38264
9.60714
9.79544
9.75975
9.65112
9.65826
9.6721
9.54498
9.42286
9.51488
9.64581
9.86183
9.77187
9.51437
9.67542
9.38485
9.70366
9.96675
9.51187
9.66093
9.67019
9.69526
9.52932
9.37603
9.39727
9.57721
9.37606
9.6551
9.60126
9.37925
9.51766
9.93396
9.78112
9.45289
9.47279
9.5347
9.4869
9.60059
9.65021
9.94267
9.66095
9.53024
9.503
9.50176
9.61612
9.48823
9.55642
9.52275
9.53842
9.39869
9.7154
9.67171
9.44053
9.479
9.62334
9.66196
9.58981
9.65778
9.80732
9.44968
9.97658
9.66294
9.50444
9.38163
9.44701
9.37692
9.57042
9.54567
9.50826
9.47582
9.6182
9.55563
9.5431
9.43333
9.56703
9.46543
9.53597
9.47409
9.76982
9.43849
9.59572
9.43899
9.7542
9.39202
9.50549
9.85007
9.4863
9.51592
9.45069
9.44247
9.61034
9.6208
9.49286
9.48314
9.78035
9.62052
9.55908
9.60787
9.80472
9.49167
9.52585
9.41647
9.6749
9.65295
9.42442
9.54864
9.69634
9.59148
9.79014
9.72585
9.48412
9.78038
9.66449
9.40067
9.53171
9.55158
9.44762
9.63294
9.43296
9.59465
9.51099
9.42291
9.76053
9.69505
9.45652
9.37995
9.44925
9.65831
9.5424
9.8012
9.66598
9.64294
9.69982
9.60984
9.39619
9.56453
9.48384
9.48246
9.39674
9.394
9.62642
9.56981
9.6977
9.63989
9.79422
9.72787
9.89416
