103.36
85.14
98.90
87.92
105.10
137.16
85.74
99.54
95.92
121.64
93.22
79.10
85.02
90.42
99.06
121.22
99.92
88.56
102.92
120.98
86.22
116.78
123.80
92.56
98.02
102.34
92.34
103.16
79.44
123.34
88.90
90.88
106.58
94.46
101.50
85.52
105.00
133.22
96.64
95.16
102.76
107.68
113.90
115.60
113.24
109.42
115.50
104.76
106.86
92.06
132.08
100.28
105.66
99.08
81.88
102.14
88.80
94.56
91.84
108.66
120.68
85.96
85.92
86.64
94.00
88.90
107.42
102.50
113.28
118.88
94.40
90.50
88.86
89.36
75.46
90.92
87.54
84.20
116.44
126.02
89.98
97.86
84.80
100.22
82.34
78.96
87.86
126.68
83.14
108.58
117.26
116.42
81.04
97.44
79.22
99.66
100.22
95.24
89.88
108.24
